tau	N_greek	x	epsilon
0.0001	1.0000000000000149	0.5000000000000074	4.934396342684426
0.020099999999999934	1.0000000006555527	0.49979715366461713	4.9342649673075485
0.04010000000000012	1.0000000029140304	0.49856517068865863	4.933685306858546
0.060100000000000695	1.0000000063981969	0.49602143854166586	4.937355114826717
0.08010000000000127	1.0000000100758935	0.49285527411434465	4.953537216104866
0.10010000000000184	1.0000000146362826	0.4903476242966985	4.9773068096185975
0.12010000000000241	1.0000000214501885	0.48969000382649513	4.988377493835571
0.1401000000000009	1.0000000289989806	0.49134403357340617	4.976459907193508
0.1600999999999987	1.0000000351836278	0.49475400488156773	4.956409521081981
0.18009999999999649	1.0000000407778966	0.4985889253962917	4.9468838923801846
0.20009999999999428	1.0000000471150157	0.5014765487082246	4.946498401151205
0.22009999999999208	1.000000053249369	0.5027809255820092	4.9432899529131165
0.24009999999998988	1.0000000580353987	0.5028943499282155	4.934876303414627
0.2600999999999877	1.0000000617875549	0.5028579130907124	4.92699531994236
0.28009999999998547	1.0000000645255045	0.5036308853781553	4.92397820163333
0.30009999999998327	1.0000000658262556	0.5054881480168443	4.930413001096018
0.32009999999998107	1.0000000663612276	0.5078165889662266	4.95000468126878
0.34009999999997886	1.0000000660396324	0.5093984516507551	4.9738620397564
0.36009999999997666	1.0000000634531667	0.5090809435056327	4.982934429027828
0.38009999999997446	1.000000058914841	0.506516866434088	4.972220847689337
0.40009999999997226	1.000000054577674	0.5024520879704635	4.959146053504262
0.42009999999997005	1.0000000505064905	0.4983247604128213	4.957880880838854
0.44009999999996785	1.000000045005385	0.49545394155881867	4.960275606970184
0.46009999999996565	1.0000000383067758	0.494376569928279	4.95249670498895
0.48009999999996344	1.000000032009436	0.4946791762225757	4.936158054420668
0.5000999999999612	1.0000000260282018	0.4953210391625032	4.922643593743791
0.520099999999959	1.0000000200781223	0.49527877723168007	4.91869536966255
0.5400999999999568	1.000000014837564	0.49420434139544817	4.9266400422807894
0.5600999999999546	1.0000000103067612	0.4927194489476386	4.946139959725149
0.5800999999999524	1.0000000060741334	0.49205237804980545	4.966785638299659
0.6000999999999502	1.0000000032808616	0.4932347219365887	4.973105626664745
0.620099999999948	1.0000000027281744	0.4964154624838241	4.965495244342279
0.6400999999999458	1.0000000028821303	0.5007490848756165	4.961412991042922
0.6600999999999436	1.0000000027767768	0.504829135834764	4.968628277950832
0.6800999999999414	1.0000000040793497	0.5073763238889933	4.972881829030978
0.7000999999999392	1.0000000075948028	0.5078660204011528	4.960464123647451
0.720099999999937	1.000000012001412	0.5067877158455671	4.938370403224729
0.7400999999999348	1.0000000167234557	0.5053298272980055	4.922377471966615
0.7600999999999326	1.00000002230111	0.504594280179584	4.918779336626851
0.7800999999999304	1.000000028320334	0.5048841497677512	4.926427891978578
0.8000999999999282	1.000000034331199	0.5055543999882184	4.942161219691649
0.820099999999926	1.0000000408503698	0.505485544759757	4.956788762322228
0.8400999999999238	1.000000047318618	0.5037925075210378	4.9602821491284335
0.8600999999999216	1.000000052172293	0.500381549640323	4.957194915066278
0.8800999999999194	1.0000000561238145	0.496105178346467	4.962649135973551
0.9000999999999172	1.0000000606713484	0.49240676425269875	4.977303673813493
0.920099999999915	1.0000000647212062	0.49056913565410426	4.982231580486433
0.9400999999999128	1.0000000663633037	0.4909828801886373	4.966202650809064
0.9600999999999106	1.0000000662138877	0.49296438436546364	4.941800739816387
0.9800999999999084	1.0000000654565324	0.4952402337728811	4.926636427460064
1.0000999999999063	1.000000063643373	0.4967370128108958	4.924150733474222
1.020099999999904	1.0000000604434536	0.49714694262888176	4.929311226759296
1.0400999999999019	1.000000056368649	0.49703242083873383	4.938128585553624
1.0600999999998997	1.0000000510702831	0.4974579912140278	4.945324859058461
1.0800999999998975	1.0000000446520003	0.49930969968104316	4.946586984501582
1.1000999999998953	1.0000000385730534	0.5026443198645495	4.948737687321223
1.120099999999893	1.00000003299573	0.5065135589146691	4.962851648826215
1.1400999999998909	1.00000002627795	0.5094585910654442	4.982674084011829
1.1600999999998887	1.0000000186792586	0.510340079647711	4.987108649659265
1.1800999999998865	1.0000000126646522	0.5089549308697002	4.96928895115599
1.2000999999998843	1.000000008651537	0.5060782593033234	4.94627023528977
1.220099999999882	1.0000000050245226	0.5030125511125729	4.934862634571391
1.2400999999998799	1.000000001876547	0.5008950950219273	4.93368668067859
1.2600999999998777	1.0000000002444618	0.5000955432437584	4.934299571798511
1.2800999999998754	1.00000000008398	0.5000268061866733	4.934433055402935
1.3000999999998732	1.0000000012781238	0.49956733691075733	4.934187453137293
1.320099999999871	1.0000000041080264	0.49787017007534873	4.9341189871731475
1.3400999999998688	1.0000000077609086	0.4949839536194683	4.94132230465222
1.3600999999998666	1.0000000115724255	0.49187287149488823	4.961632317088563
1.3800999999998644	1.000000016866932	0.48987473759493066	4.983527726784387
1.4000999999998622	1.0000000242604867	0.4899891101262023	4.9866716599029335
1.42009999999986	1.0000000314634614	0.49233522458531503	4.969409762433823
1.4400999999998578	1.0000000372383766	0.496045121219962	4.9515282764800315
1.4600999999998556	1.0000000430334055	0.4996864093962032	4.946197099276192
1.4800999999998534	1.000000049481132	0.5020599330839757	4.9459696321318924
1.5000999999998512	1.000000055179972	0.5028720054688144	4.94068165929913
1.520099999999849	1.000000059525258	0.5028053878287796	4.931887383003741
1.5400999999998468	1.0000000629590717	0.5029674101979659	4.925348962946712
1.5600999999998446	1.0000000651732848	0.5041350583965613	4.9248912365436
1.5800999999998424	1.0000000660734254	0.5062725788728837	4.93572467398147
1.6000999999998402	1.000000066398786	0.5085046081357799	4.958601710537821
1.620099999999838	1.000000065414997	0.5095556547059976	4.979467580993836
1.6400999999998358	1.000000061936166	0.5084765312717386	4.981073865459946
1.6600999999998336	1.0000000572254961	0.505282417063004	4.96698703711889
1.6800999999998314	1.0000000531061166	0.501024531805669	4.957278663277148
1.7000999999998292	1.000000048680134	0.4972014986911566	4.9589782780806875
1.720099999999827	1.0000000425876325	0.4949277108070442	4.958919312539122
1.7400999999998248	1.0000000358928438	0.4944036099266999	4.947291232448393
1.7600999999998226	1.0000000297913838	0.4949412530689813	4.930774656638196
1.7800999999998204	1.0000000237930293	0.4954298702939523	4.920136385614559
1.8000999999998182	1.000000018019908	0.4950203340474885	4.919996893092855
1.820099999999816	1.0000000131105422	0.49368684964801085	4.9322344889453635
1.8400999999998138	1.0000000086907046	0.49232107765598365	4.953929407802506
1.8600999999998116	1.00000000478491	0.4921843037103393	4.971143276209831
1.8800999999998094	1.0000000028233504	0.4940725774002828	4.971506237303781
1.9000999999998072	1.00000000278865	0.49778019823322717	4.962897354402132
1.920099999999805	1.0000000028497436	0.5021948127060213	4.962889827300132
1.9400999999998028	1.0000000030210037	0.50587179962696	4.971275902414215
1.9600999999998006	1.000000005166238	0.5077361288086307	4.970511545562988
1.9800999999997984	1.0000000091889094	0.5076069757363192	4.95315056946766
2.0000999999997964	1.000000013690125	0.5062665215213964	4.931662537483127
2.0200999999998386	1.0000000186862346	0.504966150712002	4.919741738512014
2.040099999999881	1.0000000245261182	0.5046022036434821	4.920166099252622
2.060099999999923	1.0000000305377958	0.5051437864624907	4.931141940288511
2.080099999999965	1.000000036662129	0.5057045433959148	4.9479624765377235
2.1001000000000074	1.0000000433296221	0.505157158640452	4.959564001632123
2.1201000000000496	1.000000049344732	0.5028429856390864	4.9593853725102734
2.140100000000092	1.0000000536558398	0.49900229839858173	4.957606696527261
2.160100000000134	1.0000000577080863	0.4947506428374748	4.967266473195151
2.1801000000001762	1.0000000623143181	0.49156223993682263	4.980999541237725
2.2001000000002184	1.0000000656211712	0.49048454911789785	4.978865655611299
2.2201000000002606	1.000000066439142	0.4915380942325479	4.957751622126685
2.240100000000303	1.0000000659952817	0.4937614118877224	4.935053558879353
2.260100000000345	1.0000000649440433	0.49585383002032585	4.924499783876713
2.2801000000003873	1.0000000625878473	0.49695733154281607	4.9251836056315605
2.3001000000004295	1.000000059024228	0.49708140965905084	4.932065617116758
2.3201000000004717	1.0000000545853371	0.49702361495984704	4.941189682631999
2.340100000000514	1.0000000487825587	0.4978651301142757	4.946537892482958
2.360100000000556	1.000000042296775	0.500263412014576	4.946696525315773
2.3801000000005983	1.0000000365072306	0.5039284276052122	4.952047776604841
2.4001000000006405	1.0000000307152546	0.5076612621885613	4.969893347861921
2.4201000000006827	1.000000023501428	0.5100120028369709	4.986766335966422
2.440100000000725	1.0000000161978688	0.510105118081583	4.983035431229561
2.460100000000767	1.0000000110153606	0.5080963758322907	4.960890787592656
2.4801000000008093	1.000000007309805	0.5050154276194921	4.940721112346588
2.5001000000008515	1.0000000037539376	0.5021848556467553	4.93365813559045
2.5201000000008937	1.0000000010847618	0.5005266466654429	4.933832725188101
2.540100000000936	1.00000000004042	0.5000784786932424	4.93433025136006
2.560100000000978	1.0000000003411698	0.5000065479805211	4.9345141422563845
2.5801000000010204	1.0000000021311966	0.4991876807866344	4.93409150260101
2.6001000000010626	1.00000000542228	0.49702591449712713	4.935359012211437
2.6201000000011048	1.000000009136396	0.49390817632339234	4.946930818490864
2.640100000001147	1.0000000132636149	0.49101329146282013	4.9699961725489965
2.660100000001189	1.0000000193871672	0.4896463892938236	4.987410503113204
2.6801000000012314	1.0000000270459157	0.49054579413618227	4.982399307285062
2.7001000000012736	1.0000000337333825	0.4934784992560207	4.962327799265288
2.720100000001316	1.0000000393061974	0.4973203523890484	4.948238521367631
2.740100000001358	1.0000000453819262	0.5006303045176024	4.946072361494487
2.7601000000014	1.000000051735056	0.5024569427985199	4.9447528835946475
2.7801000000014424	1.0000000569260379	0.5028583637602779	4.937711556844577
2.8001000000014846	1.000000060903292	0.5027471549253038	4.929262239016153
2.820100000001527	1.0000000639620328	0.5032063908046063	4.924396706321189
2.840100000001569	1.0000000656306614	0.5047667440850264	4.927109957506004
2.8601000000016112	1.000000066245047	0.5070777054247667	4.942563105440931
2.8801000000016534	1.000000066270051	0.5090596049132163	4.967025313661377
2.9001000000016957	1.000000064446417	0.5094683616602714	4.982666055669205
2.920100000001738	1.0000000602451136	0.507629358672131	4.977222872381498
2.94010000000178	1.0000000556169644	0.50392607306845	4.962330668787368
2.9601000000018223	1.0000000515856549	0.49964949314901275	4.956857940925926
2.9801000000018645	1.0000000466174457	0.49626308324278195	4.959795825240209
3.0001000000019067	1.0000000400936429	0.4946098130312104	4.956088964253921
3.020100000001949	1.0000000335661492	0.4945521507760296	4.941565049188516
3.040100000001991	1.000000027579185	0.4951868917816657	4.926186487521872
3.0601000000020333	1.000000021583183	0.49542013811269153	4.918850447756685
3.0801000000020755	1.0000000160905695	0.4946427350065728	4.922742837263981
3.1001000000021177	1.0000000114528202	0.49315652953837763	4.939047235658006
3.12010000000216	1.000000007132818	0.4920589056100584	4.96124193345796
3.140100000002202	1.0000000037610846	0.49254961846638995	4.973384378105775
3.1601000000022443	1.0000000026376734	0.4951248851595542	4.968741639213031
3.1801000000022865	1.0000000028647784	0.4992299072145632	4.961401565197689
3.2001000000023287	1.0000000028361427	0.503552828959739	4.965442200943671
3.220100000002371	1.0000000035434045	0.5066999173006259	4.972735235482547
3.240100000002413	1.0000000065094674	0.5078649814298294	4.966059462551381
3.2601000000024554	1.000000010836084	0.5072144654243611	4.945407503890313
3.2801000000024976	1.000000015449375	0.5057603523333838	4.926183483969041
3.30010000000254	1.0000000207746185	0.5047228329643121	4.918543502755429
3.320100000002582	1.0000000267688127	0.504728124669044	4.92278248530384
3.340100000002624	1.000000032762059	0.5054165028540719	4.936647616028816
3.3601000000026664	1.0000000390748651	0.5057291016634807	4.95319969309994
3.3801000000027086	1.0000000457250113	0.5046186712939831	4.960837610438444
3.400100000002751	1.0000000511299902	0.501710045777564	4.958230869926361
3.420100000002793	1.00000005509653	0.4975730105033616	4.959472872673054
3.4401000000028352	1.0000000593679714	0.49351937431061166	4.972422480987171
3.4601000000028774	1.0000000637735966	0.49096068771345674	4.9826814032578675
3.4801000000029196	1.000000066178584	0.49064349406228697	4.973129807842283
3.500100000002962	1.0000000663551207	0.4922239859417843	4.949179823048824
3.520100000003004	1.0000000656969081	0.49453447188002947	4.929841200145362
3.5401000000030463	1.000000064241684	0.49633865906488134	4.92366038259403
3.5601000000030885	1.000000061366847	0.49705043607919924	4.926927224772951
3.5801000000031307	1.000000057497027	0.4969893389631797	4.935185236707779
3.600100000003173	1.000000052615836	0.49712249157594535	4.9438548071204655
3.620100000003215	1.0000000463913679	0.4984593790291247	4.9470453212443335
3.6401000000032573	1.0000000400415208	0.5013701357759345	4.947382475664961
3.6601000000032995	1.0000000344512585	0.5052268179795664	4.956943961584624
3.6801000000033417	1.0000000282411547	0.5086546159141941	4.976855492717472
3.700100000003384	1.0000000207134119	0.510306256558692	4.988265418059875
3.720100000003426	1.000000014009652	0.5096270265593232	4.9766673419216305
3.7401000000034683	1.0000000095585762	0.50711848695555	4.9528106589135215
3.7601000000035105	1.0000000059806524	0.503993461861977	4.936812426341745
3.7801000000035527	1.0000000026121743	0.501505893043958	4.933255216093438
3.800100000003595	1.0000000005221663	0.5003055190994888	4.933982508391418
3.820100000003637	1.0000000000079585	0.5001056080503132	4.934416131332827
3.8401000000036793	1.000000000795438	0.4998962271695653	4.93457577043799
3.8601000000037216	1.0000000032003344	0.4986444503803491	4.93412503341591
3.8801000000037638	1.0000000067961308	0.4960588727523752	4.937807541529768
3.900100000003806	1.000000010557138	0.4928472677068795	4.95401709070146
3.920100000003848	1.0000000152236976	0.4903266444933761	4.977710998698939
3.9401000000038904	1.000000022121131	0.4896810692636978	4.988475046440846
3.9601000000039326	1.0000000296978098	0.4913359423116447	4.976247962749219
3.980100000003975	1.000000035855234	0.49471994168121036	4.956048133047134
4.000100000004016	1.0000000414530463	0.49852570853857814	4.946427691482669
4.0201000000039695	1.0000000477666804	0.5013960338120419	4.945963671399119
4.040100000003923	1.0000000538204423	0.5026842749080874	4.942807989954659
4.060100000003876	1.0000000585135254	0.5027844227599249	4.934667165341852
4.08010000000383	1.0000000621657592	0.5027619342786618	4.927122997121886
4.100100000003783	1.0000000647675296	0.5035874148173799	4.924288696252537
4.120100000003736	1.000000065935973	0.5054996840846464	4.930849204564782
4.14010000000369	1.0000000663449717	0.5078524084482402	4.950587336061148
4.160100000003643	1.0000000658975379	0.5094348359113086	4.974405992437269
4.180100000003597	1.0000000631459758	0.5091226339599569	4.983206009866451
4.20010000000355	1.000000058492997	0.5065685269764714	4.972179164143131
4.220100000003503	1.0000000540888874	0.5025050025216732	4.958892493622814
4.240100000003457	1.00000004992754	0.49838058411915237	4.957480495741621
4.26010000000341	1.000000044337875	0.49553116237841355	4.959714024758909
4.2801000000033635	1.0000000376081115	0.49448090619935253	4.951920061182833
4.300100000003317	1.0000000313145119	0.49477654938163074	4.935836674115769
4.32010000000327	1.0000000253553496	0.49537316375101137	4.922614219082823
4.340100000003224	1.0000000194430947	0.4952787157842152	4.918848445520105
4.360100000003177	1.0000000142892986	0.49417196055839646	4.926979014266717
4.3801000000031305	1.0000000098343156	0.49266347291900325	4.946668666932819
4.400100000003084	1.0000000056935743	0.4919760984743627	4.967356590054094
4.420100000003037	1.0000000030499614	0.4931567374236161	4.973489893535655
4.440100000002991	1.0000000026431162	0.49635835525451827	4.965615690852696
4.460100000002944	1.0000000029076042	0.5007066917704904	4.961369643821101
4.480100000002897	1.000000002928799	0.5047711301582746	4.96840224313111
4.500100000002851	1.0000000043824961	0.5072943970701277	4.9723995814160284
4.520100000002804	1.0000000080324356	0.5077855041910129	4.959890466688988
4.540100000002758	1.0000000125128405	0.5067375889884509	4.937933258896544
4.560100000002711	1.0000000173140706	0.505313810171647	4.922135223101373
4.580100000002664	1.0000000229607016	0.5046125436804337	4.918705107582444
4.600100000002618	1.000000029001384	0.5049457145827282	4.926560452528508
4.620100000002571	1.0000000350268115	0.5056544364177407	4.942582150082557
4.6401000000025245	1.000000041543298	0.5055889067357808	4.957376773128961
4.660100000002478	1.0000000479505584	0.5038651643231582	4.960773152300653
4.680100000002431	1.0000000527092507	0.5004289614002477	4.957524715712598
4.700100000002385	1.0000000565745841	0.4961521976627818	4.962844209561229
4.720100000002338	1.0000000610450077	0.49246164375629803	4.977249833098347
4.7401000000022915	1.0000000649515155	0.49061672023951686	4.9818532247600835
4.760100000002245	1.0000000664352307	0.49101809780288996	4.965627744791107
4.780100000002198	1.0000000661700381	0.492988390134734	4.9412597519023
4.800100000002152	1.0000000652858883	0.4952384345725119	4.9262421399913885
4.820100000002105	1.0000000633346442	0.4966822649349847	4.923884204116326
4.840100000002058	1.0000000600154528	0.497042024539553	4.929283072705841
4.860100000002012	1.0000000558421052	0.4969173073744064	4.9384636713570496
4.880100000001965	1.0000000504567357	0.49736628705686226	4.945867842377957
4.900100000001919	1.000000043976276	0.49924312421939926	4.947113764380483
4.920100000001872	1.000000037898889	0.5025924232448074	4.9491793623122495
4.940100000001825	1.0000000323188285	0.5064815043631434	4.963179180044415
4.960100000001779	1.0000000255854726	0.5094470873997902	4.982776267148884
4.980100000001732	1.000000018041496	0.5103321599064841	4.98686493237513
5.0001000000016855	1.0000000121283303	0.5089381907810551	4.968801126909688
5.020100000001639	1.0000000082097733	0.5060761014362761	4.945778378152785
5.040100000001592	1.0000000046772326	0.5030584178955025	4.9344164814920415
5.060100000001546	1.0000000016561628	0.5009880112289697	4.933285250751109
5.080100000001499	1.000000000175177	0.500205264728829	4.934110748166108
5.1001000000014525	1.0000000001394025	0.5001302528312157	4.9345732318452615
5.120100000001406	1.0000000014714412	0.4996600144653155	4.934568498057432
5.140100000001359	1.0000000044433683	0.4979374791769506	4.934571509075102
5.160100000001313	1.0000000081878528	0.4950072255866796	4.941780865487244
5.180100000001266	1.0000000120910015	0.49185712741428583	4.9621032566919725
5.200100000001219	1.0000000174888337	0.48985494393436896	4.983842072387374
5.220100000001173	1.0000000249509509	0.48998286104550454	4.986643075433379
5.240100000001126	1.0000000321548803	0.4923228731742795	4.969128044633521
5.26010000000108	1.0000000379084566	0.49600199902491576	4.951137872417315
5.280100000001033	1.0000000437055234	0.49961441772654647	4.945713045816802
5.300100000000986	1.000000050109057	0.5019728431643687	4.945435973499865
5.32010000000094	1.0000000557140305	0.502770638011849	4.940275029528586
5.340100000000893	1.0000000599709309	0.5026976122535197	4.931800240067578
5.3601000000008465	1.0000000632889285	0.5028843587767691	4.925556411768114
5.3801000000008	1.0000000653664922	0.504109670466507	4.925238015716346
5.400100000000753	1.0000000661347144	0.5062965328407871	4.936210606129205
5.420100000000707	1.0000000663400825	0.5085434908436534	4.959201592677448
5.44010000000066	1.0000000652130634	0.5095920663591772	4.979939763446867
5.4601000000006135	1.0000000615779991	0.508519123125993	4.981234888293306
5.480100000000567	1.0000000567744092	0.5053353707684863	4.966864343968053
5.50010000000052	1.0000000525903128	0.5010790303712032	4.956975125104348
5.520100000000474	1.000000048063779	0.4972631309939877	4.958519825528824
5.540100000000427	1.0000000419040294	0.4950132680857652	4.9583210352316325
5.56010000000038	1.0000000351908525	0.49451004816605343	4.94677186096719
5.580100000000334	1.000000029104155	0.49502859045284886	4.930560277710818
5.600100000000287	1.0000000231287127	0.4954649257792977	4.920179676090606
5.620100000000241	1.0000000174139094	0.49500587821683023	4.920210577111484
5.640100000000194	1.000000012591624	0.4936448995167802	4.932650154832092
5.660100000000147	1.0000000082490283	0.49225920256017675	4.954503027334363
5.680100000000101	1.0000000044523643	0.49210652570254393	4.971675295255559
5.700100000000054	1.0000000026532267	0.4939994973666994	4.971795503198623
5.7201000000000075	1.0000000027443456	0.4977284115678808	4.962945424768257
5.740099999999961	1.000000002919355	0.5021510153957446	4.962788147294037
5.760099999999914	1.0000000032246914	0.5058065213275582	4.970957158533962
5.780099999999868	1.000000005526527	0.5076505179063282	4.969965362446971
5.800099999999821	1.0000000096584867	0.5075319770399264	4.9526063278477315
5.8200999999997745	1.000000014229732	0.5062275761339914	4.931300261999255
5.840099999999728	1.000000019304816	0.5049630101363409	4.919564942459037
5.860099999999681	1.0000000252005723	0.5046343114125204	4.920158647626089
5.880099999999635	1.0000000312209523	0.5052183477926735	4.931371628131224
5.900099999999588	1.0000000373621838	0.5058090467991749	4.948464775364508
5.920099999999541	1.0000000440051342	0.5052542689139965	4.9601399284077266
5.940099999999495	1.000000049946018	0.5029059030067689	4.959811207346885
5.960099999999448	1.0000000541574483	0.4990457906323566	4.957888336888731
5.980099999999402	1.0000000581339683	0.49479924873840625	4.967394578393155
6.000099999999355	1.0000000626413301	0.4916179962859187	4.980836362721215
6.020099999999308	1.0000000657913095	0.49053011426558485	4.978400265500081
6.040099999999262	1.0000000664622097	0.4915692980510551	4.957169448142397
6.060099999999215	1.0000000659102914	0.49377784507788064	4.934561190384897
6.0800999999991685	1.0000000647198797	0.4958371529831328	4.924148294657577
6.100099999999122	1.0000000622343008	0.4968857721029608	4.92497543186572
6.120099999999075	1.0000000585569009	0.4969678199968168	4.932154212514446
6.140099999999029	1.0000000540276055	0.4969122356885381	4.941624095212298
6.160099999998982	1.0000000481384226	0.4977824653861483	4.947095522734848
6.1800999999989354	1.000000041615307	0.5002046028326018	4.947198301465005
6.200099999998889	1.0000000358345829	0.503882770563358	4.952462266475047
6.220099999998842	1.000000030033465	0.507634660536539	4.970164071675039
6.240099999998796	1.0000000228176993	0.5100025982166803	4.986756488292287
6.260099999998749	1.0000000155975237	0.5100953830031082	4.982680860440939
6.280099999998702	1.0000000105132605	0.5080817034678329	4.960373394458116
6.300099999998656	1.0000000069028956	0.5050246336620716	4.940244451880761
6.320099999998609	1.0000000034466314	0.5022468425698782	4.93321835920855
6.3400999999985626	1.0000000009217098	0.5006297460098358	4.933481787745045
6.360099999998516	1.0000000000187483	0.500189616640158	4.934257242170382
6.380099999998469	1.0000000004460203	0.5001058456447633	4.934762904195655
6.400099999998423	1.0000000023785223	0.49927219793005834	4.934519006210974
6.420099999998376	1.000000005799652	0.49708051445616114	4.935816729930631
6.4400999999983295	1.000000009591589	0.49391847109595133	4.947395580261541
6.460099999998283	1.0000000138216754	0.4909925724555525	4.97043512038992
6.480099999998236	1.0000000200388204	0.48962919601647975	4.987611059603631
6.50009999999819	1.0000000277465875	0.4905410967707325	4.982256697504231
6.520099999998143	1.000000034414973	0.4934597916394711	4.961997350495429
6.540099999998096	1.0000000399777742	0.4972672342031998	4.947821334061299
6.56009999999805	1.000000046044077	0.50054990219063	4.945564115907196
6.580099999998003	1.0000000523323167	0.5023641885215073	4.944243409409376
6.600099999997957	1.0000000574239012	0.5027543235860658	4.937404391758668
6.62009999999791	1.0000000613134536	0.5026445947579	4.929291051915074
6.640099999997863	1.0000000642401023	0.5031386497638343	4.924663116330701
6.660099999997817	1.0000000657760888	0.5047588127463319	4.927493584775846
6.68009999999777	1.0000000662597577	0.5071113742105655	4.943097501664422
6.7000999999977235	1.0000000661651403	0.5090993978854982	4.967613456404216
6.720099999997677	1.0000000641827602	0.5095043947815293	4.983042820656006
6.74009999999763	1.000000059844736	0.5076732560288204	4.977278635639687
6.760099999997584	1.0000000551405273	0.5039808372219933	4.962141108460929
6.780099999997537	1.000000051038128	0.49970674146124977	4.956504308723588
6.8000999999974905	1.0000000459680236	0.4963313782288138	4.9592789355065365
6.820099999997444	1.0000000394015383	0.494702689068907	4.955481070436763
6.840099999997397	1.0000000328645313	0.49465726208314964	4.941131204136208
6.860099999997351	1.0000000269002585	0.4952611648265696	4.926073303725785
6.880099999997304	1.000000020932583	0.4954375115988245	4.918955131839169
6.900099999997257	1.000000015517901	0.49461537665637695	4.923023308567307
6.920099999997211	1.0000000109619736	0.49310673172247443	4.9395369691289215
6.940099999997164	1.0000000067262633	0.49199283488719714	4.961833788200685
6.960099999997118	1.0000000034835603	0.49247210878710873	4.9738503062517365
6.980099999997071	1.000000002523518	0.4950572816371448	4.968936681994757
7.000099999997024	1.00000000285911	0.499181983585728	4.9613879144578865
7.020099999996978	1.000000002953144	0.5035054597556408	4.9652725018269726
7.040099999996931	1.0000000038017014	0.5066273042217029	4.972322107175211
7.0600999999968845	1.000000006919952	0.5077779455176779	4.965479413397782
7.080099999996838	1.0000000113330125	0.5071476535268161	4.944918216704507
7.100099999996791	1.0000000160188511	0.5057339666362028	4.9258958600838465
7.120099999996745	1.000000021417355	0.5047330042942099	4.918428465532397
7.140099999996698	1.0000000274509273	0.5047736768461293	4.922851534867831
7.1600999999966515	1.000000033448396	0.5055018946902705	4.936978148739342
7.180099999996605	1.0000000397750974	0.5058348148792208	4.953756090812016
7.200099999996558	1.0000000463757213	0.5047074437386838	4.961372749258054
7.220099999996512	1.000000051696988	0.501764084458677	4.958593395563414
7.240099999996465	1.0000000555661166	0.49761453082147905	4.959707609671681
7.260099999996418	1.0000000597657863	0.4935705698827523	4.9724668826149285
7.280099999996372	1.0000000640459334	0.4910166914662063	4.982406673154891
7.300099999996325	1.0000000662898405	0.4906860598320813	4.972602355014638
7.320099999996279	1.0000000663344186	0.49224973687704615	4.948616195493965
7.340099999996232	1.0000000655670274	0.4945413395810035	4.929400099894029
7.360099999996185	1.0000000639652509	0.49630590768935556	4.9233503415425055
7.380099999996139	1.0000000609715114	0.4969635824670312	4.926796759503881
7.400099999996092	1.0000000569926109	0.49687074533186143	4.935397548770843
7.4200999999960455	1.0000000520268213	0.49701764849779795	4.94436142765112
7.440099999995999	1.0000000457237601	0.49838638745757763	4.947595138894308
7.460099999995952	1.0000000393611257	0.5013183479680725	4.947858224450908
7.480099999995906	1.0000000337774833	0.5051866473633174	4.957326184273802
7.500099999995859	1.0000000275555536	0.5086323831986057	4.977049545586092
7.5200999999958125	1.0000000200499526	0.5102979349857845	4.988133881806274
7.540099999995766	1.000000013449343	0.5096159887157784	4.976224761158826
7.560099999995719	1.000000009089102	0.507108366314043	4.952288279964886
7.580099999995673	1.000000005609592	0.5040162866011775	4.936349783697264
7.600099999995626	1.0000000023510462	0.5015834851510507	4.93282817003104
7.620099999995579	1.0000000004161265	0.5004162608702102	4.933707736059451
7.640099999995533	1.000000000032042	0.5002154521222315	4.9344669592967
7.660099999995486	1.000000000952363	0.4999896171604623	4.934913417181462
7.68009999999544	1.0000000034994696	0.4987193914589772	4.934578897006847
7.700099999995393	1.0000000072081872	0.4961005798858	4.938268549785768
7.720099999995346	1.0000000110432752	0.4928463134990359	4.954482363420602
7.7400999999953	1.0000000158211895	0.49030356911654854	4.978089374959504
7.760099999995253	1.0000000227957446	0.48966722466251944	4.988548336593089
7.7800999999952065	1.0000000303998655	0.49133104193301586	4.976012221806222
7.80009999999516	1.0000000365284136	0.4946928933936388	4.955684247276554
7.820099999995113	1.0000000421261634	0.49846205342940786	4.945982511033315
7.840099999995067	1.0000000484105813	0.5013080282504255	4.945441575486763
7.86009999999502	1.0000000543824792	0.5025871045024947	4.94234989212573
7.8800999999949735	1.0000000589766789	0.5026800930589904	4.934475145672362
7.900099999994927	1.0000000625349281	0.5026675579733658	4.927252417440612
7.92009999999488	1.0000000649930705	0.5035366402258539	4.9245982309384395
7.940099999994834	1.000000066034969	0.5055077756527516	4.9312746352096175
7.960099999994787	1.0000000663141893	0.5078928821357366	4.951159699873744
7.98009999999474	1.0000000657405494	0.5094738532963038	4.974949669444448
8.000099999994694	1.0000000628233954	0.509158332808483	4.983473494028573
8.020099999994647	1.000000058059076	0.5066143932314457	4.9721418356989275
8.0400999999946	1.0000000535877702	0.5025621998615488	4.958646276815669
8.060099999994554	1.0000000493444074	0.49844169395838456	4.957073132154843
8.080099999994507	1.0000000436631253	0.4956064790230095	4.959146416688446
8.10009999999446	1.000000036912931	0.49457935572554174	4.951335472308213
8.120099999994414	1.0000000306165169	0.4948766970503122	4.935506325221797
8.140099999994368	1.000000024685774	0.49543186264414496	4.922589118402155
8.160099999994321	1.0000000188127995	0.49527863057146	4.919009411966066
8.180099999994274	1.0000000137506362	0.494133551951096	4.92733359250788
8.200099999994228	1.0000000093719532	0.49260764669973156	4.947221016895557
8.220099999994181	1.0000000053288542	0.4919073979823018	4.967935832813539
8.240099999994134	1.0000000028317857	0.49308098133862716	4.973870723092488
8.260099999994088	1.0000000025771612	0.4962961711452335	4.965724905527017
8.280099999994041	1.0000000029418237	0.5006608505512449	4.96129933418006
8.300099999993995	1.0000000030970109	0.5047183527432242	4.968152221821962
8.320099999993948	1.0000000046963387	0.5072151730471558	4.9719015747247655
8.340099999993901	1.0000000084839082	0.5076997471670142	4.959310817063606
8.360099999993855	1.0000000130354274	0.506681457160542	4.93751515348433
8.380099999993808	1.000000017914221	0.5053009581024602	4.921917156704159
8.400099999993762	1.0000000236225104	0.504636032812793	4.918652801089869
8.420099999993715	1.0000000296858118	0.5050038335151319	4.926717159205918
8.440099999993668	1.0000000357171037	0.5057480707742179	4.943007305896854
8.460099999993622	1.0000000422362445	0.5056927598993828	4.957954077032173
8.480099999993575	1.0000000485713134	0.5039442685892762	4.9612483142143775
8.500099999993528	1.000000053240813	0.5004756157147678	4.9578309174125295
8.520099999993482	1.0000000570149146	0.4961936814077413	4.963026198417882
8.540099999993435	1.000000061407222	0.49251593715078557	4.977194117387564
8.560099999993389	1.000000065164421	0.4906719762572504	4.9814752746967494
8.580099999993342	1.000000066492188	0.4910564352074834	4.965067575410729
8.600099999993295	1.0000000661080533	0.49300716404004286	4.9407331853372884
8.620099999993249	1.0000000651060963	0.49523388026038107	4.92584969296539
8.640099999993202	1.000000063009562	0.49663298658964855	4.923620913735719
8.660099999993156	1.0000000595812282	0.4969421320833602	4.9292508900934155
8.680099999993109	1.00000005530254	0.49679752383687503	4.9387942111462575
8.700099999993062	1.0000000498369361	0.49727019201858946	4.946415536237026
8.720099999993016	1.0000000432940441	0.4991798241493809	4.947641727260424
8.74009999999297	1.0000000372230793	0.5025466335996178	4.949630209384804
8.760099999992923	1.00000003164134	0.5064460068907658	4.963517972527766
8.780099999992876	1.0000000249008694	0.5094282339496471	4.982873484279605
8.80009999999283	1.0000000174089165	0.5103242819609327	4.986612912816835
8.820099999992783	1.0000000116067835	0.5089269802381453	4.968299278164724
8.840099999992736	1.000000007773025	0.5060731677346907	4.945267033767761
8.86009999999269	1.000000004344665	0.5030965454825616	4.933963945851586
8.880099999992643	1.000000001446757	0.5010798646406508	4.932885772763321
8.900099999992596	1.0000000001228404	0.5003207543284035	4.933936429344364
8.92009999999255	1.0000000002097564	0.5002362399585936	4.934744542838963
8.940099999992503	1.000000001682472	0.49974602174544575	4.934971456428904
8.960099999992456	1.0000000047896302	0.49800184981267637	4.935037923233991
8.98009999999241	1.0000000086289569	0.49503638950513096	4.94224560262901
9.000099999992363	1.0000000126125574	0.49184705480593954	4.9625552492942475
9.020099999992317	1.0000000181224704	0.48983178761586493	4.984130840261919
9.04009999999227	1.000000025640827	0.48997238818770855	4.986588587809552
9.060099999992223	1.0000000328516365	0.4923155562826657	4.968823686472403
9.080099999992177	1.0000000385768	0.49596489351808887	4.9507483571044215
9.10009999999213	1.0000000443760555	0.49954017199047984	4.945239184052287
9.120099999992084	1.0000000507269138	0.5018784488951926	4.944918063715389
9.140099999992037	1.0000000562390166	0.5026706198910723	4.939895359656096
9.16009999999199	1.0000000603999346	0.5025955805703994	4.931728103696698
9.180099999991944	1.0000000636105204	0.502800876803458	4.925766058825933
9.200099999991897	1.000000065541267	0.5040766879685769	4.925582414740149
9.22009999999185	1.0000000661882544	0.5063185301819193	4.936682457822939
9.240099999991804	1.000000066263514	0.5085878746865947	4.959791126591629
9.260099999991757	1.0000000649983498	0.5096291871422994	4.98040792822915
9.28009999999171	1.0000000612034778	0.5085549635734811	4.981390328168124
9.300099999991664	1.0000000563133764	0.5053840313648311	4.966748852348222
9.320099999991617	1.0000000520625907	0.5011393301053677	4.956676887561233
9.34009999999157	1.000000047444311	0.49732901555879794	4.958055393988401
9.360099999991524	1.0000000412133923	0.49509541097198184	4.957720158331649
9.380099999991478	1.0000000344952538	0.49461165996359124	4.946244014777819
9.400099999991431	1.000000028412777	0.49512017155456967	4.930339108068821
9.420099999991384	1.0000000224710714	0.49550621088332164	4.920227326023766
9.440099999991338	1.0000000168107175	0.49498935755699375	4.920429760963981
9.460099999991291	1.00000001208478	0.4935975244357197	4.933082945811649
9.480099999991245	1.0000000078179263	0.49219914614441224	4.955097313191531
9.500099999991198	1.0000000041371842	0.4920365617780923	4.972211499256268
9.520099999991151	1.0000000024951232	0.4939266037406578	4.972082303960975
9.540099999991105	1.0000000027189553	0.4976710271475159	4.962980443297671
9.560099999991058	1.0000000029970477	0.5021053066043336	4.962659025841277
9.580099999991011	1.0000000034470475	0.5057470336575015	4.97061703267133
9.600099999990965	1.00000000589433	0.5075661627670154	4.969403668199142
9.620099999990918	1.0000000101424575	0.5074504930294912	4.952059900585986
9.640099999990872	1.0000000147784303	0.5061842783022301	4.9309595179564445
9.660099999990825	1.0000000199336605	0.5049642095471316	4.9194104948734125
9.680099999990778	1.0000000258758635	0.504670694578274	4.920175339455743
9.700099999990732	1.0000000319056133	0.50528769853289	4.931624477709743
9.720099999990685	1.0000000380554328	0.5059080834472887	4.948967350491523
9.740099999990639	1.0000000446808377	0.505353542353036	4.960704504996589
9.760099999990592	1.000000050534129	0.5029748379555271	4.960218201702201
9.780099999990545	1.0000000546549341	0.49908700545329254	4.958145239927352
9.800099999990499	1.0000000585459812	0.4948424583245419	4.967510908527019
9.820099999990452	1.0000000629577024	0.49167531187951363	4.980669324172665
9.840099999990406	1.0000000659435835	0.4905833252411255	4.977937750182989
9.860099999990359	1.000000066470869	0.4916019877520671	4.956605612990817
9.880099999990312	1.0000000658068624	0.4937881348418269	4.934081731332189
9.900099999990266	1.0000000644863325	0.4958196062896378	4.923800818252051
9.920099999990219	1.0000000618651264	0.4968203122553262	4.92477157463872
9.940099999990172	1.0000000580856674	0.49685776858619835	4.932236720278131
9.960099999990126	1.0000000534551639	0.49679497082852325	4.942054889521599
9.98009999999008	1.0000000474906272	0.49769665213321723	4.947654745403246
