tau	N_greek	x	epsilon
0.0001	1.0000000000000149	0.5000000000000074	4.934396342684427
0.0011000000000000003	1.0000000000017935	0.500000000000897	4.934396342693246
0.0021000000000000003	1.0000000000065363	0.5000000000032678	4.934396342716676
0.0030999999999999986	1.0000000000142415	0.5000000000071211	4.934396342754724
0.004099999999999998	1.0000000000249105	0.5000000000124554	4.93439634280738
0.0051	1.0000000000385414	0.5000000000192706	4.934396342874585
0.006100000000000003	1.0000000000551323	0.5000000000275662	4.934396342956524
0.007100000000000006	1.0000000000746814	0.5000000000373411	4.934396343052872
0.008100000000000007	1.0000000000971887	0.5000000000485944	4.934396343163937
0.0091	1.0000000001226494	0.500000000061325	4.934396343289627
0.010099999999999994	1.0000000001510636	0.5000000000755317	4.934396343429777
0.011099999999999988	1.0000000001824263	0.5000000000912135	4.934396343584525
0.012099999999999982	1.000000000216736	0.500000000108368	4.93439634375402
0.013099999999999976	1.0000000002539884	0.5000000001269942	4.934396343937733
0.01409999999999997	1.00000000029418	0.50000000014709	4.934396344136004
0.015099999999999964	1.000000000337308	0.5000000001686536	4.934396344348896
0.016099999999999958	1.0000000003833662	0.5000000001916832	4.934396344576164
0.017099999999999952	1.0000000004323517	0.5000000002161759	4.934396344817808
0.018099999999999946	1.0000000004842593	0.5000000002421296	4.934396345074009
0.01909999999999994	1.0000000005390839	0.500000000269542	4.934396345344569
0.020099999999999934	1.0000000005968201	0.5000000002984102	4.934396345629455
0.021099999999999928	1.0000000006574625	0.5000000003287314	4.9343963459285725
0.022099999999999922	1.000000000721005	0.5000000003605026	4.934396346242111
0.023099999999999916	1.0000000007874414	0.5000000003937207	4.9343963465698355
0.02409999999999991	1.000000000856765	0.500000000428383	4.934396346911952
0.025099999999999904	1.0000000009289698	0.5000000004644851	4.934396347268342
0.026099999999999898	1.0000000010040486	0.5000000005020244	4.93439634763877
0.02709999999999989	1.000000001081993	0.5000000005409969	4.934396348023325
0.028099999999999885	1.0000000011627965	0.5000000005813986	4.9343963484220374
0.02909999999999988	1.0000000012464516	0.5000000006232258	4.934396348834932
0.030099999999999873	1.0000000013329486	0.5000000006664744	4.934396349261724
0.031099999999999867	1.00000000142228	0.5000000007111401	4.93439634970241
0.03209999999999989	1.000000001514437	0.5000000007572185	4.934396350157315
0.03309999999999992	1.0000000016094108	0.5000000008047055	4.934396350625755
0.03409999999999995	1.0000000017071922	0.5000000008535964	4.934396351108375
0.03509999999999998	1.0000000018077717	0.500000000903886	4.934396351604582
0.03610000000000001	1.0000000019111381	0.5000000009555694	4.934396352114692
0.037100000000000036	1.0000000020172843	0.5000000010086421	4.934396352638534
0.038100000000000064	1.0000000021261974	0.5000000010630989	4.934396353175954
0.03910000000000009	1.0000000022378672	0.5000000011189337	4.934396353726921
0.04010000000000012	1.0000000023522837	0.5000000011761417	4.934396354291531
0.04110000000000015	1.000000002469435	0.5000000012347174	4.934396354869624
0.04210000000000018	1.0000000025893099	0.5000000012946549	4.934396355461185
0.04310000000000021	1.0000000027118974	0.5000000013559486	4.934396356066011
0.044100000000000236	1.0000000028371843	0.5000000014185924	4.934396356684235
0.045100000000000265	1.0000000029651588	0.5000000014825797	4.9343963573156335
0.046100000000000294	1.0000000030958094	0.5000000015479048	4.934396357960421
0.04710000000000032	1.000000003229122	0.5000000016145613	4.934396358618245
0.04810000000000035	1.0000000033650849	0.5000000016825428	4.934396359289154
0.04910000000000038	1.0000000035036838	0.5000000017518422	4.934396359973031
0.05010000000000041	1.0000000036449062	0.500000001822453	4.934396360669876
0.05110000000000044	1.000000003788737	0.5000000018943689	4.934396361379539
0.052100000000000465	1.000000003935164	0.5000000019675818	4.934396362101981
0.053100000000000494	1.000000004084171	0.5000000020420857	4.934396362837383
0.05410000000000052	1.0000000042357444	0.5000000021178723	4.934396363585206
0.05510000000000055	1.0000000043898696	0.5000000021949351	4.9343963643456945
0.05610000000000058	1.0000000045465325	0.5000000022732661	4.934396365118723
0.05710000000000061	1.0000000047057154	0.5000000023528576	4.9343963659042815
0.05810000000000064	1.0000000048674047	0.5000000024337024	4.934396366702129
0.059100000000000666	1.0000000050315845	0.5000000025157918	4.934396367512176
0.060100000000000695	1.0000000051982365	0.5000000025991186	4.934396368334503
0.06110000000000072	1.0000000053673483	0.5000000026836743	4.93439636916895
0.06210000000000075	1.0000000055389013	0.5000000027694506	4.934396370015555
0.06310000000000078	1.0000000057128786	0.5000000028564394	4.934396370874093
0.06410000000000081	1.0000000058892637	0.5000000029446321	4.934396371744381
0.06510000000000084	1.0000000060680396	0.5000000030340199	4.9343963726264235
0.06610000000000087	1.0000000062491887	0.5000000031245943	4.934396373520423
0.0671000000000009	1.0000000064326935	0.5000000032163469	4.934396374425819
0.06810000000000092	1.0000000066185353	0.5000000033092677	4.934396375342985
0.06910000000000095	1.0000000068066974	0.5000000034033488	4.934396376271468
0.07010000000000098	1.0000000069971606	0.5000000034985803	4.934396377211402
0.07110000000000101	1.000000007189906	0.5000000035949531	4.934396378162218
0.07210000000000104	1.0000000073849156	0.500000003692458	4.934396379124658
0.07310000000000107	1.0000000075821704	0.5000000037910851	4.934396380097915
0.0741000000000011	1.0000000077816507	0.5000000038908253	4.934396381082099
0.07510000000000112	1.0000000079833373	0.5000000039916688	4.934396382077294
0.07610000000000115	1.0000000081872107	0.5000000040936053	4.93439638308332
0.07710000000000118	1.0000000083932508	0.5000000041966256	4.934396384099929
0.07810000000000121	1.0000000086014378	0.5000000043007189	4.934396385127204
0.07910000000000124	1.0000000088117513	0.5000000044058754	4.934396386164938
0.08010000000000127	1.0000000090241707	0.5000000045120851	4.9343963872133205
0.0811000000000013	1.0000000092386743	0.5000000046193376	4.934396388271712
0.08210000000000132	1.0000000094552435	0.5000000047276216	4.934396389340387
0.08310000000000135	1.0000000096738557	0.5000000048369279	4.934396390419042
0.08410000000000138	1.00000000989449	0.5000000049472453	4.934396391507771
0.08510000000000141	1.0000000101171247	0.5000000050585625	4.934396392606359
0.08610000000000144	1.0000000103417384	0.5000000051708695	4.934396393714635
0.08710000000000147	1.000000010568309	0.5000000052841544	4.934396394832672
0.0881000000000015	1.0000000107968146	0.5000000053984075	4.934396395960293
0.08910000000000153	1.0000000110272325	0.5000000055136163	4.934396397097177
0.09010000000000155	1.0000000112595406	0.5000000056297706	4.9343963982434635
0.09110000000000158	1.0000000114937166	0.5000000057468583	4.934396399399029
0.09210000000000161	1.0000000117297372	0.5000000058648688	4.934396400563634
0.09310000000000164	1.00000001196758	0.5000000059837898	4.934396401737264
0.09410000000000167	1.0000000122072206	0.5000000061036104	4.9343964029197185
0.0951000000000017	1.0000000124486372	0.5000000062243186	4.93439640411088
0.09610000000000173	1.0000000126918045	0.5000000063459024	4.934396405310942
0.09710000000000175	1.0000000129367008	0.5000000064683505	4.934396406519287
0.09810000000000178	1.0000000131833016	0.500000006591651	4.934396407736137
0.09910000000000181	1.0000000134315818	0.5000000067157911	4.934396408961174
