tau	N_greek	x	epsilon
0.0001	1.0000000000037905	0.5000000000018955	19.732715717359216
0.05010000000000041	1.0000006792739395	0.49945978408900227	19.732725125321757
0.10010000000000184	1.000000822825255	0.49904367418631346	19.734378748087813
0.1500999999999998	1.0000000314008437	0.5027487592327535	19.73568302930312
0.20009999999999428	1.000000508038235	0.5046499752063817	19.741212342526836
0.2500999999999888	1.0000009258992766	0.49882968709168285	19.738994514626615
0.30009999999998327	1.0000001211956475	0.4945240075314326	19.73858655574782
0.35009999999997776	1.0000003333336605	0.4972199824576598	19.731099422375227
0.40009999999997226	1.000000971695158	0.500539750252109	19.731323691578005
0.45009999999996675	1.0000002597955249	0.5027384821150679	19.73056117660696
0.5000999999999612	1.0000001794413818	0.5034335628711508	19.736262824155155
0.5500999999999557	1.0000009542715964	0.49954519809682524	19.736493512106083
0.6000999999999502	1.0000004270601608	0.4972686113354442	19.73878384355085
0.6500999999999447	1.0000000652333882	0.5012255309322133	19.737780941051422
0.7000999999999392	1.0000008765963002	0.5023372718270259	19.737667132083168
0.7500999999999337	1.0000006036938625	0.49800801679294815	19.736757291669978
0.8000999999999282	1.0000000062268564	0.49653725277199157	19.732773967055582
0.8500999999999227	1.0000007466085121	0.4983602929317324	19.73051522887414
0.9000999999999172	1.0000007633311758	0.5008879506013806	19.731344875859406
0.9500999999999117	1.0000000099799364	0.5047752552053383	19.734248891984464
1.0000999999999063	1.0000005843105133	0.5041762543632917	19.74045419335089
1.0500999999999008	1.000000888353761	0.4974715737639043	19.739724959040817
1.1000999999998953	1.0000000752691476	0.4954382619031881	19.73887439032182
1.1500999999998898	1.0000004070208823	0.4996032817210327	19.73440514426384
1.2000999999998843	1.0000009595875203	0.5010248265758717	19.73321638459308
1.2500999999998788	1.0000001953872952	0.5001444396769334	19.73264373939949
1.3000999999998732	1.0000002422444185	0.4999573599085261	19.73277315532553
1.3500999999998677	1.0000009697747028	0.4988565435517517	19.733538957294147
1.4000999999998622	1.0000003522552843	0.5004944504536033	19.73473227204169
1.4500999999998567	1.0000001078930663	0.5046732709759416	19.739526065041968
1.5000999999998512	1.0000009172615694	0.5022476906492002	19.739451967929032
1.5500999999998457	1.000000528653158	0.4956863903975964	19.740245802056315
1.6000999999998402	1.0000000244563807	0.49541434670867807	19.733362465524113
1.6500999999998347	1.0000008076166762	0.4991352434768046	19.731178470836102
1.7000999999998292	1.0000006974979623	0.5016685473312074	19.7304860597912
1.7500999999998237	1.0000000004036254	0.5036417642133562	19.733438805716613
1.8000999999998182	1.0000006573010405	0.501872562030178	19.736983318873794
1.8500999999998127	1.0000008404102299	0.49748677683762393	19.738080206593754
1.9000999999998072	1.0000000401843565	0.49893486682820476	19.737701674218087
1.9500999999998017	1.0000004832348894	0.5027268527037642	19.738646868348813
2.0000999999997964	1.000000935637991	0.5002275643288863	19.736230018329717
2.050099999999902	1.0000001379760017	0.4966450803553951	19.73565580013413
2.1001000000000074	1.0000003108796334	0.4973947301885729	19.730314381466734
2.150100000000113	1.0000009731015533	0.49942318133813085	19.731480928217895
2.2001000000002184	1.0000002812129867	0.5029332874555221	19.731543368128794
2.250100000000324	1.0000001607075306	0.5055445167257654	19.739406888354075
2.3001000000004295	1.000000947009854	0.5008670325507906	19.73900601945073
2.350100000000535	1.000000451701064	0.495267227934127	19.741085317696893
2.4001000000006405	1.0000000540491707	0.497434478409947	19.735112148453656
2.450100000000746	1.0000008611652265	0.5008940333527214	19.734016244652253
2.5001000000008515	1.0000006265364842	0.5005116774270314	19.732554491734977
2.550100000000957	1.0000000030164022	0.5001725390868191	19.732747053297043
2.6001000000010626	1.00000072609937	0.49941060613181587	19.732920459261468
2.650100000001168	1.0000007830456885	0.4989939612887587	19.734741198477156
2.7001000000012736	1.0000000157081614	0.5029279828800549	19.736251334266562
2.750100000001379	1.000000560275511	0.5045443876661089	19.741225325536696
2.8001000000014846	1.0000009010009199	0.4985516258921453	19.738962653479767
2.85010000000159	1.0000000887898324	0.4946134060504544	19.73773537832476
2.9001000000016957	1.0000003837585136	0.4973452919506064	19.730727790722337
2.950100000001801	1.0000009645880519	0.5004993194157114	19.73121956364306
3.0001000000019067	1.0000002149153928	0.5028861826955742	19.730875703029106
3.050100000002012	1.0000002217851143	0.5034931437460367	19.73682467780008
3.1001000000021177	1.0000009660795472	0.49931863418579525	19.736769035048773
3.1501000000022232	1.0000003754536075	0.4972850785394868	19.738849268617663
3.2001000000023287	1.0000000936072262	0.5013650382373065	19.737824117778423
3.2501000000024343	1.0000009056168637	0.5021518822703033	19.737247551245428
3.30010000000254	1.000000552310247	0.49792174865089145	19.736489547159653
3.3501000000026453	1.000000017391433	0.49671305886967576	19.732199292823065
3.400100000002751	1.000000789254939	0.4983651102132047	19.73059339635727
3.4501000000028563	1.0000007187360478	0.500921791646904	19.731556446143767
3.500100000002962	1.0000000021610544	0.5049591977551161	19.735141654647595
3.5501000000030674	1.0000006349744628	0.5040209281042173	19.740572196179027
3.600100000003173	1.0000008566010066	0.49721702974489923	19.739946919018845
3.6501000000032784	1.0000000498147181	0.49556075960680795	19.73819715394461
3.700100000003384	1.0000004590401501	0.49967116396651395	19.73408123804281
3.7501000000034894	1.0000009444564808	0.5009135157883491	19.732940522017888
3.800100000003595	1.0000001552187048	0.5002663515831075	19.732554064012284
3.8501000000037005	1.000000288846269	0.5000388929918035	19.732935603339637
3.900100000003806	1.0000009735122628	0.4987346523573692	19.733888297883023
3.9501000000039115	1.0000003028661684	0.5006042052641037	19.735060149817937
4.000100000004016	1.0000001428553267	0.5047618691556292	19.74007750648779
4.0501000000039	1.000000939045944	0.5019675477368135	19.73917190751042
4.100100000003783	1.0000004762593282	0.49558487338875196	19.73993541479484
4.1501000000036665	1.0000000434483245	0.49559382194013146	19.732566165731047
4.20010000000355	1.00000084502841	0.49913480789161685	19.731052182097553
4.2501000000034335	1.0000006492015343	0.5017128337076191	19.73051831381048
4.300100000003317	1.0000000007828893	0.5038167218196135	19.734127516793475
4.3501000000032	1.0000007051853665	0.5017365545061635	19.737178762299944
4.400100000003084	1.0000008024216238	0.49733161804202775	19.73844505152977
4.450100000002967	1.000000022165762	0.49909531551750247	19.73760808915013
4.500100000002851	1.000000535639607	0.5026951704207868	19.738438029135413
4.550100000002734	1.0000009129342202	0.5000200104258677	19.73598301451075
4.600100000002618	1.0000001035342998	0.49674585659842285	19.735054998479598
4.650100000002501	1.000000360596317	0.4975037448618552	19.730150335676807
4.700100000002385	1.0000009686000881	0.4993813347557614	19.731680300105676
4.750100000002268	1.0000002351222788	0.503095545049146	19.73204188601161
4.800100000002152	1.000000201468671	0.505591164623308	19.74011725494835
4.850100000002035	1.0000009612108909	0.5005692613420571	19.739017880148715
4.900100000001919	1.000000399627382	0.4952148170964805	19.740845471073367
4.950100000001802	1.0000000803024536	0.4975997992839743	19.734582316165014
5.0001000000016855	1.0000008923818753	0.5008145833528872	19.733673437980045
5.050100000001569	1.0000005757035133	0.5005078551376367	19.732411793368694
5.1001000000014525	1.000000011608566	0.5003417086477715	19.73283839814192
5.150100000001336	1.0000007701497715	0.49934086855956267	19.73314190286206
5.200100000001219	1.0000007398145585	0.4989620998358752	19.735100361682612
5.250100000001103	1.0000000054061347	0.5031095695248688	19.736827866996126
5.300100000000986	1.0000006116401	0.5044133258542082	19.74113229331285
5.35010000000087	1.0000008713318953	0.498287855904073	19.738910194078425
5.400100000000753	1.0000000610055264	0.4947197706102741	19.73684332646923
5.450100000000637	1.0000004353900536	0.49745069394161207	19.730418936394948
5.50010000000052	1.0000009519729358	0.5004646509539745	19.7311646290081
5.550100000000404	1.0000001731780581	0.5030506029110119	19.731265955900625
5.600100000000287	1.0000002672095714	0.5035291895481879	19.73734764107506
5.650100000000171	1.000000972396196	0.49908742036445347	19.737056989753437
5.700100000000054	1.0000003251706993	0.49732469174663535	19.738843718892806
5.750099999999938	1.0000001265270422	0.5014901342583191	19.73783357614564
5.800099999999821	1.000000929785011	0.5019557264986385	19.73681931242468
5.8500999999997045	1.0000005001469228	0.4978611074544783	19.73618568627968
5.900099999999588	1.0000000339604198	0.49688435924808694	19.731693638013315
5.9500999999994715	1.0000008284031008	0.4983530284415334	19.73072645067677
6.000099999999355	1.000000671450487	0.500974924372411	19.731805003082457
6.050099999999238	0.9999999999041288	0.5051403839539602	19.736060749941704
6.100099999999122	1.000000683885806	0.5038406009061815	19.74060265548987
6.150099999999005	1.0000008205518456	0.49697948315824614	19.740121993685317
6.200099999998889	1.0000000294053972	0.4956955451415776	19.737481327858877
6.250099999998772	1.0000005114003796	0.49971744790161743	19.733761866919934
6.300099999998656	1.000000924061597	0.5008122559038063	19.732703835485992
6.350099999998539	1.0000001188859	0.5004052274806423	19.732511096175188
6.400099999998423	1.000000337738372	0.500098045647511	19.733123531796117
6.450099999998306	1.0000009716500378	0.49861223706100455	19.734267485616183
6.50009999999819	1.0000002556358933	0.5007330324043963	19.735388887906197
6.550099999998073	1.0000001818289617	0.5048302350844756	19.74054565949486
6.600099999997957	1.0000009556282787	0.501679486437454	19.738878597239296
6.65009999999784	1.000000423975053	0.4955101386258932	19.73953085733342
6.7000999999977235	1.0000000675324214	0.49576636952563435	19.731832861339406
6.750099999997607	1.0000008782902459	0.4991208696322999	19.730973454119894
6.8000999999974905	1.0000005990236474	0.5017783841018512	19.73060488785093
6.850099999997374	1.000000006763987	0.5039860060174148	19.73485464966813
6.900099999997257	1.000000750521551	0.5015779793738304	19.737343480038902
6.950099999997141	1.0000007607454335	0.49719517058157037	19.738764504683555
7.000099999997024	1.000000009471611	0.499261609532215	19.737496302120967
7.050099999996908	1.0000005874780509	0.5026398178187043	19.73816494610492
7.100099999996791	1.000000885332346	0.4998262794533161	19.73574708697911
7.150099999996675	1.0000000735364016	0.4968632961842604	19.734457926314278
7.200099999996558	1.0000004117746808	0.49759204272382535	19.73005684793424
7.250099999996442	1.0000009585393128	0.49934352584377856	19.731922435466615
7.300099999996325	1.0000001919490027	0.5032735782171952	19.732600332164633
7.350099999996209	1.000000245563318	0.505613736775212	19.740734777896755
7.400099999996092	1.0000009699832269	0.5002667886235824	19.739025541237993
7.450099999995976	1.0000003485822084	0.4951880135059423	19.740496869751105
7.500099999995859	1.0000001112336943	0.4977538597165312	19.734077437708958
7.5500999999957426	1.0000009188958527	0.500724607038839	19.73335354408171
7.600099999995626	1.0000005238316858	0.5005277100265322	19.732296685630953
7.6500999999955095	1.0000000256844959	0.500504006680041	19.732986075620474
7.700099999995393	1.0000008109225191	0.4992522532304134	19.73339009205858
7.750099999995276	1.000000693635002	0.4989499355718398	19.735448120590323
7.80009999999516	1.000000000610455	0.50329046913707	19.737404076814887
7.850099999995043	1.0000006615267927	0.5042576646623426	19.74094069002864
7.900099999994927	1.0000008372197526	0.49804096044658513	19.738829531998352
7.95009999999481	1.000000038152878	0.49484026844388995	19.73592941328895
8.000099999994694	1.000000487627825	0.4975358580437865	19.730173462363215
8.050099999994577	1.000000933992218	0.5004387491893711	19.731158194560727
8.10009999999446	1.0000001350603438	0.5032294459512421	19.731731899923947
8.150099999994344	1.000000315184131	0.5035402836742928	19.7378202127485
8.200099999994228	1.0000009731469373	0.49885504039430717	19.737354220730914
8.250099999994111	1.000000276798927	0.4973863178779706	19.738769903749514
8.300099999993995	1.00000016362736	0.5015982348940925	19.737804099506228
8.350099999993878	1.0000009488349395	0.5017519327377855	19.736393396640114
8.400099999993762	1.0000004478136055	0.4978264348489148	19.73584813162465
8.450099999993645	1.0000000557459219	0.49704804051208223	19.7312621535476
8.500099999993528	1.0000008636055018	0.4983260416050117	19.730914396177294
8.550099999993412	1.0000006220264681	0.5010484111845814	19.732087449449484
8.600099999993295	1.0000000032410237	0.5053156579051729	19.736990001725577
8.650099999993179	1.000000730478252	0.5036368227621919	19.740553220838237
8.700099999993062	1.000000780611563	0.49676120678565655	19.740238683628046
8.750099999992946	1.0000000142619303	0.49583948846676174	19.736742191001238
8.80009999999283	1.0000005634866882	0.4997423977726133	19.733450527183034
8.850099999992713	1.0000008986326683	0.5007239950024572	19.732506483874637
8.900099999992596	1.0000000868047905	0.5005583655067241	19.732520887814157
8.95009999999248	1.0000003883507333	0.5001337341664784	19.733330698861195
9.000099999992363	1.0000009642024912	0.4984927161915506	19.734670098797583
9.050099999992247	1.000000211105919	0.5008794166624396	19.735718777235437
9.10009999999213	1.0000002243700816	0.504876211565742	19.740918618005217
9.150099999992014	1.0000009668304148	0.5013866746911905	19.738580494872963
9.200099999991897	1.000000372417241	0.49546195217858763	19.739036448955627
9.25009999999178	1.000000096438677	0.49592933917680515	19.731170222245893
9.300099999991664	1.0000009070225488	0.49909593525346807	19.730945186908382
9.350099999991548	1.000000547547834	0.501865604783448	19.730746125588244
9.400099999991431	1.0000000182852253	0.5041463226104754	19.735605803543862
9.450099999991314	1.000000792793178	0.5013988629018918	19.73748215244434
9.500099999991198	1.0000007158628264	0.49707933477630717	19.739027541963306
9.550099999991081	1.0000000022387519	0.4994304398651638	19.737369883402426
9.600099999990965	1.0000006381378348	0.502561604986645	19.73783480942259
9.650099999990848	1.000000853139734	0.499649195579352	19.735519319878303
9.700099999990732	1.0000000483226097	0.4969944863918231	19.733878909535097
9.750099999990615	1.0000004638199351	0.4976589368957797	19.730031723329954
9.800099999990499	1.0000009430292027	0.4993128924539342	19.732202370761563
9.850099999990382	1.000000152183156	0.5034654821147379	19.733216290707734
9.900099999990266	1.0000002924774427	0.5056106985036958	19.74124663110053
9.95009999999015	1.000000973229717	0.49996279883954187	19.739030680059816
10.000099999990033	1.0000002991669343	0.4951858307599185	19.7400454556585
10.050099999989916	1.0000001464991677	0.4978943737068638	19.733600595756762
10.1000999999898	1.0000009404095196	0.5006271797916935	19.733064144792817
10.150099999989683	1.0000004715244046	0.5005712286178589	19.73221154661726
10.200099999989567	1.0000000450866484	0.5006561178072854	19.733184305944036
10.25009999998945	1.0000008479551765	0.4991470418022306	19.733665664928097
10.300099999989333	1.0000006450481367	0.49895887488448587	19.735777399636913
10.350099999989217	1.0000000013784576	0.503467338646161	19.737969939762493
10.4000999999891	1.0000007093516636	0.5040787190818733	19.74066064378388
10.450099999988984	1.0000007990449746	0.4978134886644505	19.738712895990492
10.500099999988867	1.000000020484287	0.49497191695102677	19.73501238305481
10.55009999998875	1.0000005398628047	0.49760065137980874	19.729992119048486
10.600099999988634	1.000000910848793	0.5004243638909243	19.731198369452123
10.650099999988518	1.0000001009956812	0.5034203210546496	19.732272012501078
10.700099999988401	1.000000365145736	0.5035255574396678	19.7382330008837
10.750099999988285	1.0000009683166708	0.4986247761523494	19.737655664259833
10.800099999988168	1.000000230898601	0.4974682755899263	19.738632641728028
10.850099999988052	1.000000204491211	0.5016872799088986	19.737731168919158
10.900099999987935	1.0000009625593402	0.5015439265921087	19.735979444990313
10.950099999987819	1.000000395923103	0.4978174235756074	19.73548148190047
11.000099999987702	1.0000000825012223	0.4972010315978181	19.73090777733894
11.050099999987586	1.0000008944613965	0.49828663341795343	19.731156560284354
11.100099999987469	1.0000005710426398	0.5011430710173708	19.732401349760536
11.150099999987352	1.0000000121428065	0.5054817415227433	19.73791159291595
11.200099999987236	1.0000007742174772	0.5034113293244108	19.740433509810536
11.25009999998712	1.0000007372349098	0.49656424838733404	19.740286328604654
11.300099999987003	1.0000000045463866	0.49598958224262674	19.73599436479829
11.350099999986886	1.0000006146870497	0.49974664736886204	19.73315183373982
11.40009999998677	1.0000008684563817	0.5006511946809576	19.732347582347344
11.450099999986653	1.0000000593411236	0.5007228357314036	19.7325882164546
11.500099999986537	1.0000004400922056	0.5001455675327415	19.733551836262272
11.55009999998642	1.0000009512457932	0.4983794167524602	19.735088271807534
11.600099999986304	1.0000001697819485	0.5010412285062698	19.73605034834976
11.650099999986187	1.0000002699883215	0.5048980323147053	19.741186867740463
11.70009999998607	1.0000009725326313	0.5010926015031447	19.73828410925998
11.750099999985954	1.0000003221933453	0.49543963478316044	19.73845962865484
11.800099999985838	1.0000001298422054	0.4960800976019709	19.730583998018854
11.850099999985721	1.0000009308989737	0.4990627197135876	19.73096932181488
11.900099999985605	1.0000004953735835	0.5019747061257067	19.73094285505745
11.950099999985488	1.0000000352225953	0.5042945716781562	19.736364940325206
12.000099999985371	1.000000831522851	0.5012013461376608	19.737600184404865
12.050099999985255	1.0000006682971885	0.4969854908126131	19.73922459630366
12.100099999985138	1.0000000005459586	0.49959867978211997	19.7372312923403
12.150099999985022	1.0000006870227431	0.5024619414420127	19.737456861982498
12.200099999984905	1.0000008167169852	0.4994910902729586	19.73529629913802
12.250099999984789	1.000000028177176	0.4971361277179374	19.733331399416105
12.300099999984672	1.0000005161265864	0.4977043623879218	19.730072882557547
12.350099999984556	1.0000009222416357	0.4992926027824568	19.732514091976363
12.40009999998444	1.00000011627307	0.5036688715127601	19.733886020197346
12.450099999984323	1.0000003416599548	0.5055807553980002	19.741643085529134
12.500099999984206	1.0000009709116007	0.49966062918094295	19.739032796473065
12.55009999998409	1.0000002519599462	0.49520705340461507	19.73950021574367
12.600099999983973	1.0000001857035683	0.4980192469794001	19.733154119319128
12.650099999983857	1.000000956683183	0.5005253185803262	19.732811557787585
12.70009999998374	1.0000004193907532	0.5006380409324963	19.73215973449873
12.750099999983624	1.0000000695964746	0.5007951723463238	19.733425499656878
12.800099999983507	1.000000880829754	0.4990277711831773	19.733968917535908
12.85009999998339	1.0000005946260666	0.4989896250279258	19.73608247505452
12.900099999983274	1.0000000077084785	0.5036368773351833	19.738514205584185
12.950099999983157	1.0000007545597214	0.5038784783447957	19.74030442705499
13.000099999983041	1.000000757238043	0.4976076640132003	19.73855298692296
13.050099999982924	1.0000000081930238	0.4951113513919459	19.734110120818098
13.100099999982808	1.0000005914856638	0.4976453512711858	19.72987582660282
13.150099999982691	1.0000008828047826	0.5004242499683206	19.73128240310025
13.200099999982575	1.0000000713702382	0.5036206120554656	19.73288284919249
13.250099999982458	1.000000416506489	0.503484363252078	19.738579135845832
13.300099999982342	1.0000009579505738	0.4983997753100675	19.73795439272702
13.350099999982225	1.0000001879960474	0.49756872516552264	19.738438492894307
13.400099999982109	1.0000002486537416	0.501755687142329	19.737611378400235
13.450099999981992	1.0000009708103337	0.5013349977371624	19.735585392215487
13.500099999981876	1.0000003450829595	0.49783316216938345	19.73509239709261
13.550099999981759	1.000000113922583	0.49734072737439844	19.73063147583304
13.600099999981643	1.0000009206203289	0.4982377272655728	19.731451339797964
13.650099999981526	1.000000519096503	0.5012590950209485	19.732745012833416
13.70009999998141	1.0000000265191715	0.5056352543322042	19.738806612959653
13.750099999981293	1.000000814607088	0.5031663701458389	19.74025445296523
13.800099999981176	1.0000006909216093	0.4963904733863047	19.740255798076902
13.85009999998106	1.0000000003617089	0.49614264438080397	19.73525135006069
13.900099999980943	1.0000006644008126	0.49973106073396767	19.73287134177462
13.950099999980827	1.0000008338742172	0.5005961237583414	19.732225563074536
14.00009999998071	1.0000000368072963	0.5008957026309802	19.73271608514017
14.050099999980594	1.0000004923584975	0.5001335288784271	19.7337828921476
14.100099999980477	1.0000009329181987	0.4982752950255051	19.735512908451934
14.15009999998036	1.0000001321288778	0.5012160589467235	19.736384029767258
14.200099999980244	1.0000003181523345	0.5048946031046038	19.741343727711136
14.250099999980128	1.0000009726739352	0.5008007490341955	19.73799384327697
14.300099999980011	1.0000002738928977	0.49544179725380155	19.73781067393309
14.350099999979895	1.000000167365678	0.49621630391814864	19.730078306717328
14.400099999979778	1.000000949649123	0.4990243891177172	19.73104657560339
14.450099999979662	1.0000004431083198	0.5021055018979526	19.731196327134068
14.500099999979545	1.0000000573899552	0.5044275843561055	19.73711497267641
14.550099999979428	1.0000008662765485	0.5009878021264739	19.737703103438772
14.600099999979312	1.000000618607609	0.49691481170656415	19.739348096341466
14.650099999979195	1.0000000044135482	0.4997633229635669	19.737081737350515
14.700099999979079	1.0000007335609338	0.5023424490396674	19.73704199102907
14.750099999978962	1.000000776475252	0.4993538346126701	19.73507456144201
14.800099999978846	1.000000013326218	0.49728496669604383	19.73282742901861
14.85009999997873	1.0000005680865074	0.49772884272727086	19.730178449637258
14.900099999978613	1.0000008964096312	0.499285414780694	19.732850850753216
14.950099999978496	1.0000000846216082	0.5038809060449999	19.734604176522733
15.00009999997838	1.000000392530094	0.5055232477579508	19.741917874099816
15.050099999978263	1.0000009630490527	0.49936376789076575	19.739029320072735
15.100099999978147	1.0000002075091186	0.49524990142188496	19.738872728319883
15.15009999997803	1.0000002284032201	0.4981265118638462	19.73273996648283
15.200099999977914	1.0000009675365609	0.5004222664179383	19.732600504133288
15.250099999977797	1.0000003680373735	0.500727564853064	19.73214543997749
15.30009999997768	1.0000000989358648	0.5009184691983025	19.733700707827865
15.350099999977564	1.0000009091762596	0.4988970034471613	19.734299379849073
15.400099999977447	1.0000005429639889	0.49904249151542185	19.73635923949073
15.450099999977331	1.0000000195391023	0.503796105670366	19.739024659911482
15.500099999977214	1.0000007966315803	0.5036592785564843	19.739885867434918
15.550099999977098	1.000000712275571	0.4974250860128996	19.73834352533989
15.600099999976981	1.0000000014123782	0.49525514700386425	19.733239185979844
15.650099999976865	1.000000641894959	0.4976709244653643	19.729825598089853
15.700099999976748	1.0000008501795283	0.5004408902311854	19.731407072668198
15.750099999976632	1.0000000465196617	0.5038272101968136	19.733558753068127
15.800099999976515	1.0000004686618158	0.5034164654275457	19.738854493214884
15.850099999976399	1.0000009421547156	0.4981833215062857	19.738241911767272
15.900099999976282	1.0000001485779013	0.4976855631683545	19.73819524338172
15.950099999976166	1.0000002956069518	0.5018020367605841	19.73744287728595
16.00009999997605	1.0000009734999915	0.5011283377965943	19.735217164886123
16.050099999975934	1.0000002958871426	0.49787250824054163	19.734689352991914
16.100099999975818	1.0000001496516193	0.49746497324836586	19.73043253110209
16.1500999999757	1.0000009417850688	0.4981822593302034	19.73179594677004
16.200099999975585	1.0000004667962101	0.5013960595122725	19.733117490866547
16.25009999997547	1.0000000462180691	0.5057731506680752	19.739655641691126
16.30009999997535	1.0000008511934015	0.5029046917025571	19.74002767010529
16.350099999975235	1.0000006422105698	0.4962411576646741	19.740140038156646
16.40009999997512	1.0000000017514323	0.49629530313755	19.734525281471146
16.450099999975002	1.0000007120468506	0.4996970750660216	19.73261522568563
16.500099999974886	1.000000795279676	0.5005609318706201	19.732138629824018
16.55009999997477	1.000000019459794	0.5010737364189594	19.73290532284123
16.600099999974653	1.00000054454035	0.5000978121397192	19.734021141381728
16.650099999974536	1.0000009094198579	0.49818319816620643	19.735934045280025
16.70009999997442	1.0000000985666793	0.5014014585205512	19.736719723549975
16.750099999974303	1.0000003682964709	0.5048652253092131	19.741385724624198
16.800099999974186	1.0000009672524124	0.500514299318405	19.737711883830638
16.85009999997407	1.000000228079644	0.4954666423038269	19.737102327184118
16.900099999973953	1.000000208582438	0.4963362113886269	19.729655882813198
16.950099999973837	1.0000009630605136	0.49898424928715557	19.731176292790355
17.00009999997372	1.0000003913592057	0.5022571179623601	19.731508033119482
17.050099999973604	1.0000000845397923	0.504542395947698	19.737838452224604
17.100099999973487	1.0000008966671043	0.5007611099895135	19.73779602679655
17.15009999997337	1.0000005673812957	0.49686806752723595	19.7393928600794
17.200099999973254	1.0000000138029042	0.49992119776647204	19.736921264425092
17.250099999973138	1.000000777212166	0.5022050578972592	19.736602153966793
17.30009999997302	1.0000007328725515	0.499239159810909	19.734851118473355
17.350099999972905	1.0000000039361732	0.4974377743990578	19.73237710085845
17.400099999972788	1.0000006190970328	0.4977331137757036	19.730346765687443
17.45009999997267	1.0000008658259296	0.4992936589668986	19.73320549946707
17.500099999972555	1.0000000575830037	0.5040987078407936	19.735363562626766
17.55009999997244	1.0000004444855448	0.5054381631454925	19.742068405380323
17.600099999972322	1.0000009497217106	0.49907542414821165	19.739015800294155
17.650099999972205	1.0000001663253577	0.4953120252912102	19.73817667212522
17.70009999997209	1.0000002741103666	0.4982147286352847	19.732360019157817
17.750099999971972	1.0000009728497787	0.5003215103284732	19.732433998620667
17.800099999971856	1.000000318060376	0.500838658354391	19.732173379288994
17.85009999997174	1.000000132769199	0.5010233973155609	19.734000223919292
17.900099999971623	1.0000009326754806	0.49875761812549924	19.734655434055206
17.950099999971506	1.0000004906717046	0.4991175433427584	19.7366053510521
18.00009999997139	1.0000000367485664	0.5039421033047122	19.73948853210791
18.050099999971273	1.0000008350890328	0.5034235454773008	19.739419629060375
18.100099999971157	1.0000006646751942	0.49726699134228086	19.738079794106895
18.15009999997104	1.0000000002149485	0.49540012937846206	19.73241435617423
18.200099999970924	1.0000006905050016	0.49767874689056646	19.729842427709897
18.250099999970807	1.0000008133469214	0.5004761713820747	19.73156900152625
18.30009999997069	1.0000000267264588	0.5040368003738945	19.73429171040919
18.350099999970574	1.0000005209990188	0.503322342203017	19.739057730268936
18.400099999970458	1.000000921096336	0.4979785756050214	19.738508603549732
18.45009999997034	1.000000113086458	0.49781614168885635	19.737911400049786
18.500099999970224	1.0000003448055892	0.5018252597656546	19.737225699979156
18.550099999970108	1.000000970600685	0.5009273243494282	19.734878625296776
18.60009999996999	1.0000002489082909	0.4979339911837171	19.73428220294655
18.650099999969875	1.0000001892785273	0.49757174312520064	19.730308967763104
18.70009999996976	1.0000009577139874	0.49812319154689333	19.732186151443823
18.750099999969642	1.0000004147521038	0.5015533036815036	19.733518507733407
18.800099999969525	1.0000000710257404	0.5058927530281369	19.740439363748557
18.85009999996941	1.000000883569321	0.502629115219706	19.739764816397294
18.900099999969292	1.000000591673099	0.4961169439694346	19.739934510128734
18.950099999969176	1.0000000086994774	0.49644442772475295	19.733826742892116
19.00009999996906	1.0000007570709972	0.4996467324905211	19.732389941272608
19.050099999968943	1.0000007531145738	0.5005472511265431	19.73208513023946
19.100099999968826	1.0000000074971687	0.5012533742353399	19.733154413240978
19.15009999996871	1.0000005960318248	0.5000391645116732	19.734265115879367
19.200099999968593	1.0000008810121326	0.4981059471549425	19.736341385989245
19.250099999968477	1.0000000694672633	0.5015946514978241	19.737056399796938
19.30009999996836	1.000000419828453	0.5048094303909464	19.741312838908467
19.350099999968243	1.0000009563254788	0.50023639071293	19.737438272963534
19.400099999968127	1.0000001852845184	0.495512222623351	19.736349246841993
19.45009999996801	1.0000002530206655	0.49643841302360103	19.72931838431591
19.500099999967894	1.000000970980307	0.4989454200643407	19.731356294117973
19.550099999967777	1.0000003407251872	0.5024282608104269	19.731879481107043
19.60009999996766	1.0000001163646808	0.5046365929123704	19.738518215393285
19.650099999967544	1.000000922356908	0.5005243853183532	19.73788322416707
19.700099999967428	1.0000005152252414	0.49684529931743604	19.739356312479394
19.75009999996731	1.000000028616175	0.5000692061776422	19.73674899073264
19.800099999967195	1.0000008174741453	0.5020522998630501	19.736149782157778
19.850099999967078	1.0000006864090794	0.49914848407713003	19.73462391724588
19.90009999996696	1.0000000001126177	0.4975910646912856	19.731988300607945
19.950099999966845	1.0000006685687326	0.4977182118814072	19.730576247373044
20.00009999996673	1.0000008308407673	0.49931955132011446	19.73357095480804
20.050099999966612	1.0000000354604017	0.504319353201439	19.736154887553297
20.100099999966496	1.0000004969112477	0.5053257683727914	19.74209584830299
20.15009999996638	1.0000009310691709	0.4987984861781045	19.738986170815544
20.200099999966262	1.0000001288771767	0.4953909297186752	19.73742725049717
20.250099999966146	1.0000003222984928	0.49828304492900616	19.73201632012717
20.30009999996603	1.0000009725641636	0.5002263434107436	19.732313315179066
20.350099999965913	1.000000270037872	0.5009695618591263	19.732248447572825
20.400099999965796	1.0000001707064732	0.5011078442779245	19.734314147689982
20.45009999996568	1.0000009510613594	0.4986128774379162	19.735034113541015
20.500099999965563	1.0000004383648398	0.49921427199280916	19.736820192334118
20.550099999965447	1.0000000591544853	0.5040719075251736	19.739893091245573
20.60009999996533	1.0000008694995726	0.5031740716114325	19.738920454693076
20.650099999965214	1.000000614989506	0.4971344262754122	19.737759124956842
20.700099999965097	1.0000000046123048	0.4955431368358445	19.731648319623392
20.75009999996498	1.0000007367532433	0.4976703482216778	19.729927060209324
20.800099999964864	1.0000007727317815	0.5005316235760556	19.731765008158156
20.850099999964748	1.0000000122176784	0.5042461883927988	19.73507123161002
20.90009999996463	1.0000005729058863	0.5032029305335045	19.739190216895043
20.950099999964515	1.0000008950037833	0.4977882205911266	19.738744168520086
21.000099999964398	1.0000000819161203	0.4979575318860661	19.73759573934784
21.05009999996428	1.0000003956741101	0.5018249848647325	19.73696192853522
21.100099999964165	1.0000009621452368	0.5007352899394959	19.73457170076439
21.15009999996405	1.0000002046906136	0.4980155002624012	19.733881665622906
21.200099999963932	1.000000232346274	0.4976593024484016	19.730257988781883
21.250099999963815	1.0000009682231208	0.4980638070954609	19.73261621070457
21.3000999999637	1.0000003635684949	0.5017298583311584	19.733948228378818
21.350099999963582	1.0000001006674664	0.5059914455058093	19.741139330719815
21.400099999963466	1.0000009113772483	0.5023425288881006	19.739476878160055
21.45009999996335	1.0000005399050838	0.4960181995254565	19.73963755177306
21.500099999963233	1.0000000211299829	0.49658718717648404	19.73316463243114
21.550099999963116	1.0000007989527653	0.4995822722315962	19.732201837990303
21.600099999963	1.0000007078644901	0.5005561236314385	19.732063858332367
21.650099999962883	1.00000000105832	0.501431158177275	19.733459422477576
21.700099999962767	1.000000646238163	0.4999589598633826	19.73451445799937
21.75009999996265	1.0000008480159996	0.49804592457599817	19.73672481574133
21.800099999962534	1.000000045152074	0.5017924567091245	19.737391856865067
21.850099999962417	1.0000004721378968	0.504727332837485	19.741128521151165
21.9000999999623	1.0000009400101109	0.4999702372752929	19.737171231113802
21.950099999962184	1.0000001459996042	0.4955761661462723	19.735567345054612
22.000099999962067	1.0000003001684632	0.49652165747285487	19.729066732571564
22.05009999996195	1.0000009733165904	0.4989110620101829	19.73158284283322
22.100099999961834	1.0000002917893895	0.5026174843461582	19.732311860349334
22.150099999961718	1.000000152499686	0.5047081007877025	19.73913807659689
22.2000999999616	1.0000009430601193	0.5002806530294894	19.737967663542843
22.250099999961485	1.000000462757317	0.49684605243729535	19.739238606466916
22.30009999996137	1.0000000486959373	0.5002046844728161	19.736563331457663
22.35009999996125	1.0000008538877017	0.5018870623939573	19.73569722811334
22.400099999961135	1.0000006376214796	0.4990825623560386	19.734392154338394
22.45009999996102	1.0000000018994213	0.49774132321237924	19.73166660784905
22.500099999960902	1.0000007159326196	0.49768580302412146	19.730865176183148
22.550099999960786	1.0000007918585552	0.4993650338115421	19.733940666510048
22.60009999996067	1.0000000185036897	0.5045395669950193	19.736966717844183
22.650099999960553	1.000000549188314	0.5051866755741559	19.74200498652473
22.700099999960436	1.0000009072910836	0.4985358397089062	19.73893322773615
22.75009999996032	1.0000000955863506	0.49548400212339405	19.736640497084565
22.800099999960203	1.0000003724087048	0.4983308465245432	19.731711308175672
22.850099999960086	1.0000009666828047	0.500139782441833	19.732237999672037
22.90009999995997	1.0000002245229431	0.501118296594614	19.732375317514386
22.950099999959853	1.0000002123072451	0.5011702964035164	19.734632900063374
23.000099999959737	1.00000096412305	0.49846600776195027	19.735430969219543
23.05009999995962	1.0000003866561595	0.4993315042282499	19.737004729888195
23.100099999959504	1.0000000865140932	0.5041829223557489	19.740226239887207
23.150099999959387	1.000000899479855	0.5029141062188184	19.738402532061297
23.20009999995927	1.0000005637988765	0.4970278945718446	19.737381199598403
23.250099999959154	1.000000014554734	0.49568089966888124	19.73095161756255
23.300099999959038	1.0000007801068789	0.4976476961432478	19.730079668551685
23.35009999995892	1.0000007288052577	0.5006086156247787	19.73199247589167
23.400099999958805	1.0000000031629228	0.5044520796477922	19.73588436745632
23.450099999958688	1.0000006237790424	0.5030593509884894	19.739255795338817
23.50009999995857	1.000000864165667	0.4976146614929429	19.738938159104904
23.550099999958455	1.0000000554105877	0.4981068702718648	19.737256802052237
23.60009999995834	1.000000447614492	0.5018013344018595	19.736655772631355
23.650099999958222	1.0000009482270609	0.5005551525734515	19.734296540694483
23.700099999958105	1.0000001637436564	0.498114506352243	19.733498816104948
23.75009999995799	1.0000002783557185	0.49772657155082656	19.730276314336354
23.800099999957872	1.0000009731878816	0.49800750262617355	19.733078970351407
23.850099999957756	1.0000003138357936	0.5019241177521812	19.734406934188513
23.90009999995764	1.0000001348092031	0.5060668300953971	19.74173875329345
23.950099999957523	1.0000009343113268	0.5020481999155247	19.7391736066473
24.000099999957406	1.0000004875185307	0.4959449527265665	19.739250546483476
24.05009999995729	1.0000000389073	0.4967207350656304	19.732546237544845
24.100099999957173	1.000000837211068	0.49950609976573573	19.732056670741937
24.150099999957057	1.0000006600531592	0.5005883561267398	19.73207435677129
24.20009999995694	1.000000000221	0.501603838508031	19.733813989207917
24.250099999956824	1.0000006945832158	0.4998588076788405	19.734769693527365
24.300099999956707	1.000000810809588	0.4980049500076176	19.737074870310806
24.35009999995659	1.0000000258901784	0.5019917037882182	19.737722552390377
24.400099999956474	1.000000524605189	0.5046197498851613	19.74083955166981
24.450099999956358	1.0000009184827992	0.49971873296643926	19.736907552332674
24.50009999995624	1.000000110673141	0.4956555700190913	19.73477317467935
24.550099999956124	1.0000003494800198	0.49658519680249724	19.728901343453035
24.600099999956008	1.0000009700394987	0.4988845076210297	19.731850843751545
24.65009999995589	1.0000002451122325	0.502822913540664	19.732805601090586
24.700099999955775	1.0000001925258735	0.5047549944802905	19.739683568666603
24.75009999995566	1.00000095854451	0.5000330694658911	19.738050644144455
24.800099999955542	1.0000004105972622	0.49686965736660527	19.73904258750692
24.850099999955425	1.0000000738253325	0.5003252123564214	19.73636231598624
24.90009999995531	1.0000008860411125	0.501712235306151	19.73525615848381
24.950099999955192	1.0000005870762023	0.49904167817112643	19.73415652553066
