tau	N_greek	x	epsilon
0.0001	1.0000000000000149	0.5000000000000074	4.934396342684428
0.020099999999999934	1.000000000605965	0.4999218432858539	4.934373489368251
0.04010000000000012	1.0000000024729772	0.49939962706559377	4.934074470276183
0.060100000000000695	1.0000000056590308	0.4980819684850926	4.933069363441847
0.08010000000000127	1.0000000099918764	0.4957635191691883	4.931331637015165
0.10010000000000184	1.0000000149875168	0.49241354172209106	4.929809924517737
0.12010000000000241	1.0000000201006167	0.4882094074522024	4.930605319341839
0.1401000000000009	1.000000025116766	0.48354758923908076	4.936527345278472
0.1600999999999987	1.000000030351777	0.4790031783824603	4.950063119125069
0.18009999999999649	1.0000000363742354	0.4752438373698578	4.9721443970388695
0.20009999999999428	1.0000000433507965	0.47294945547763334	5.001283886866692
0.22009999999999208	1.0000000504723965	0.47273907479539196	5.033545766436216
0.24009999999998988	1.0000000560839835	0.47508363890322847	5.063527175303652
0.2600999999999877	1.000000058587761	0.48020928250400036	5.086162402206722
0.28009999999998547	1.0000000575597905	0.4880349537103823	5.098750714800037
0.30009999999998327	1.0000000543050136	0.4981634200741315	5.102391885415907
0.32009999999998107	1.0000000513855567	0.5098935029617835	5.102165180670072
0.34009999999997886	1.0000000510701317	0.5222493200100433	5.105819242638088
0.36009999999997666	1.00000005349976	0.5340520753201697	5.121257944555066
0.38009999999997446	1.0000000560145328	0.5440548398995365	5.153625865153487
0.40009999999997226	1.0000000545951695	0.551088242804053	5.203092421039988
0.42009999999997005	1.0000000465781274	0.5541781342096109	5.264258436378741
0.44009999999996785	1.0000000327702803	0.5526400929861005	5.3275351539236135
0.46009999999996565	1.000000017579974	0.5461777209839762	5.382176967952598
0.48009999999996344	1.000000007027341	0.5349624666762373	5.420037205185314
0.5000999999999612	1.0000000053204223	0.5196518019888311	5.438732627475272
0.520099999999959	1.0000000117184542	0.5013496646096611	5.442983417560488
0.5400999999999568	1.0000000201110195	0.48153257023480217	5.443500162071248
0.5600999999999546	1.0000000224765282	0.4619456270402935	5.453631001305007
0.5800999999999524	1.000000014248904	0.4444383748966145	5.484795542013607
0.6000999999999502	0.9999999978479841	0.43076773712404987	5.542281016619556
0.620099999999948	0.9999999819013087	0.422419836596376	5.622968885893857
0.6400999999999458	0.9999999765545835	0.42048018206191884	5.715906268837696
0.6600999999999436	0.9999999873377913	0.42552305748717606	5.805662055142275
0.6800999999999414	1.0000000110293665	0.4375126703958651	5.877466241936578
0.7000999999999392	1.000000036363423	0.4557563762377862	5.922447954083383
0.720099999999937	1.00000005005746	0.4789390124894407	5.941097812509144
0.7400999999999348	1.000000045071997	0.5052227757279537	5.9436110897264465
0.7600999999999326	1.0000000258632011	0.5323793780749527	5.94682928272624
0.7800999999999304	1.000000006650294	0.5579725326980066	5.968673317802369
0.8000999999999282	1.00000000310581	0.579592396606575	6.021895510134621
0.820099999999926	1.000000022338598	0.5951047486953783	6.109355081713634
0.8400999999999238	1.000000057541184	0.6028515386128818	6.222573363220545
0.8600999999999216	1.0000000909613715	0.6017994669737474	6.3441922201013545
0.8800999999999194	1.0000001038583675	0.5916574587723629	6.453624907060522
0.9000999999999172	1.000000087795367	0.5729522857303213	6.534089818534676
0.920099999999915	1.0000000507192315	0.5470225572869694	6.578627855011411
0.9400999999999128	1.000000013749809	0.5159183169019383	6.592927418688459
0.9600999999999106	0.9999999994022862	0.4822431932609343	6.593831456572123
0.9800999999999084	1.0000000173667192	0.4489469051693833	6.603884893936043
1.0000999999999063	1.0000000570178518	0.41906108885395293	6.6436669500225936
1.020099999999904	1.0000000927051027	0.3953912308577154	6.724529379060355
1.0400999999999019	1.0000000992285816	0.3802390888784282	6.8443419823358305
1.0600999999998997	1.0000000675098684	0.3751997023605445	6.9878241689099605
1.0800999999998975	1.000000010827076	0.3810240558172423	7.131435287681873
1.1000999999998953	0.9999999583045438	0.3975250473483427	7.251258437588739
1.120099999999893	0.9999999390453872	0.4235486101236889	7.331262489381674
1.1400999999998909	0.9999999646284067	0.4570476770868593	7.369086185179371
1.1600999999998887	1.0000000200695136	0.49524580925847345	7.377240557374221
1.1800999999998865	1.0000000707916485	0.5348636776637775	7.379183121063863
1.2000999999998843	1.000000083367922	0.5723956501472438	7.40148186201173
1.220099999999882	1.0000000469672052	0.6044415253269017	7.46468225157227
1.2400999999998799	0.999999981042308	0.6280393925430225	7.576047513016784
1.2600999999998777	0.9999999244560157	0.6409353263430476	7.726758947514071
1.2800999999998754	0.9999999130283489	0.6417655872070915	7.894603364425031
1.3000999999998732	0.9999999581999132	0.6301794780070094	8.051303283031919
1.320099999999871	1.0000000385971242	0.606908624816819	8.172092479282767
1.3400999999998688	1.000000110293599	0.5737437340525225	8.244322793385539
1.3600999999998666	1.0000001318610579	0.5334002389953292	8.27209426915371
1.3800999999998644	1.0000000902907804	0.4892939335484455	8.275203585371194
1.4000999999998622	1.0000000110237974	0.4452620936064484	8.282647289728322
1.42009999999986	0.999999944100366	0.40522537610026355	8.322797053281842
1.4400999999998578	0.9999999340438572	0.372814126764011	8.413580483677523
1.4600999999998556	0.9999999921826488	0.3510187355267763	8.556104020499575
1.4800999999998534	1.0000000886408784	0.34192775486343857	8.733990096254244
1.5000999999998512	1.0000001688105162	0.3465547275797538	8.918712921179916
1.520099999999849	1.0000001847529092	0.3647327001957729	9.079180495121697
1.5400999999998468	1.000000123845611	0.39509017686178033	9.19237319355597
1.5600999999998446	1.0000000183998747	0.435140324891084	9.251401336613176
1.5800999999998424	0.9999999292211375	0.4814876060050848	9.268136442478268
1.6000999999998402	0.9999999102208389	0.530111334051165	9.269406009210199
1.620099999999838	0.9999999742854649	0.5767124285279721	9.287958133378462
1.6400999999998358	1.0000000830310476	0.6171118070402212	9.351232065571608
1.6600999999998336	1.0000001689855516	0.6476604123243948	9.47181792758757
1.6800999999998314	1.0000001764774855	0.6655781866422447	9.642963541420833
1.7000999999998292	1.000000095201701	0.6691818780581085	9.840710270726683
1.720099999999827	0.9999999670291309	0.6580166994042501	10.031931601138293
1.7400999999998248	0.9999998633668692	0.6329102369549813	10.18557453854304
1.7600999999998226	0.9999998450473809	0.5959304404440947	10.283313402059305
1.7800999999998204	0.9999999253079743	0.5502196758897314	10.32595644725828
1.8000999999998182	1.000000058152119	0.4997267151604834	10.333343011824548
1.820099999999816	1.0000001632413855	0.44886704809269823	10.337699712617663
1.8400999999998138	1.000000174819497	0.4021324125085537	10.37267400573642
1.8600999999998116	1.000000083186052	0.3636668691585405	10.461786446255857
1.8800999999998094	0.9999999413863182	0.33687774661721764	10.61030364104315
1.9000999999998072	0.9999998339612718	0.32414542858524015	10.803352477727262
1.920099999999805	0.9999998277623258	0.3266453195701273	11.01090055574456
1.9400999999998028	0.9999999325811706	0.3442548791769151	11.197902909220371
1.9600999999998006	1.0000000929950776	0.3755403305834272	11.336211735993512
1.9800999999997984	1.0000002177040803	0.4178558682259646	11.414228960254677
2.0000999999997964	1.0000002326905357	0.46756236131742973	11.440973937778606
2.0200999999998386	1.000000127697075	0.5203394785767606	11.443119110496466
2.040099999999881	0.9999999655045215	0.5715552431070601	11.455954550665899
2.060099999999923	0.9999998455086633	0.6166846603569376	11.511332110367755
2.080099999999965	0.9999998434616676	0.651736861044162	11.626725681856971
2.1001000000000074	0.9999999652286993	0.6736226286663431	11.799204833622184
2.1201000000000496	1.0000001425618474	0.6804095623534981	12.006396216485257
2.140100000000092	1.0000002723215533	0.6714689592430354	12.214076973569393
2.160100000000134	1.000000276011917	0.6475351602255053	12.387812551720545
2.1801000000001762	1.0000001465096704	0.6106639608451865	12.504709388641272
2.2001000000002184	0.9999999555071267	0.5640688819771285	12.561269742003137
2.2201000000002606	0.9999998145644118	0.5118404259405547	12.574624016527517
2.240100000000303	0.999999808924927	0.4585896642573454	12.576685108735424
2.260100000000345	0.9999999435075333	0.4090355869314925	12.603208425786598
2.2801000000003873	1.0000001373605647	0.36756144398959817	12.681513098399567
2.3001000000004295	1.0000002722219057	0.3377951142400441	12.82112387954717
2.3201000000004717	1.000000263904432	0.3222890345034501	13.010572138579526
2.340100000000514	1.000000111921797	0.32232829027415066	13.221399775216776
2.360100000000556	0.9999999000665445	0.3378462611081627	13.417917951745496
2.3801000000005983	0.9999997498147231	0.3674325874562983	13.56937575348403
2.4001000000006405	0.9999997511629833	0.4084452854576423	13.660410647287126
2.4201000000006827	0.999999907340208	0.4572426126662585	13.696221790567748
2.440100000000725	1.0000001278539374	0.5095067054624238	13.700702044087969
2.460100000000767	1.0000002801557963	0.5606268112906407	13.708189050408205
2.4801000000008093	1.0000002708895155	0.6061166387869161	13.751680620584679
2.5001000000008515	1.0000001039528439	0.6420344346373377	13.851577329182321
2.5201000000008937	0.999999878009107	0.6653386479517629	14.008828809154958
2.540100000000936	0.9999997276087201	0.6741277861102388	14.204784285162978
2.560100000000978	0.9999997450421302	0.6677644558275043	14.407688859500391
2.5801000000010204	0.9999999264623991	0.6469088132985918	14.583541915473583
2.6001000000010626	1.0000001712029927	0.6134675222946457	14.707632564166387
2.6201000000011048	1.000000337176551	0.5704355840910753	14.772861107224855
2.640100000001147	1.0000003246280011	0.5216345891442186	14.7920276669004
2.660100000001189	1.0000001390242008	0.4713759302963315	14.793330772548781
2.6801000000012314	0.9999998911284916	0.4240818209453788	14.810643048875928
2.7001000000012736	0.9999997310178519	0.3838809895323954	14.87191156297303
2.720100000001316	0.9999997570418862	0.3542241826324039	14.989678868999832
2.740100000001358	0.9999999568566079	0.33758082497593805	15.156971964887175
2.7601000000014	1.0000002150099827	0.3352508147439959	15.349892694872754
2.7801000000014424	1.0000003800902588	0.3472821625024298	15.535920472980429
2.8001000000014846	1.0000003521019059	0.3724753599483161	15.68504234262292
2.820100000001527	1.0000001419462499	0.4084840157337201	15.779924410364208
2.840100000001569	0.9999998690578713	0.4520213349296786	15.8216707439399
2.8601000000016112	0.9999996943186985	0.4991593951932721	15.829228085222416
2.8801000000016534	0.9999997234880597	0.545683280361799	15.832692862346887
2.9001000000016957	0.9999999402396058	0.5874781397208343	15.862874082394736
2.920100000001738	1.0000002141567566	0.6209190721456825	15.940745219443054
2.94010000000178	1.0000003800380715	0.6432091108482257	16.070438178788123
2.9601000000018223	1.000000336917448	0.6526099616581614	16.238137302266555
2.9801000000018645	1.000000106275666	0.6485520997757468	16.41711355372226
3.0001000000019067	0.9999998191872554	0.6316472862739793	16.577032979099936
3.020100000001949	0.9999996425577073	0.6036165716341567	16.694303565755828
3.040100000001991	0.9999996832678629	0.5671302220506348	16.75994521059916
3.0601000000020333	0.9999999218469207	0.5255571384410895	16.782349799471646
3.0801000000020755	1.0000002185080834	0.48265344665236726	16.78407680951472
3.1001000000021177	1.0000003952428183	0.4422204721473886	16.79388879013823
3.12010000000216	1.0000003452068795	0.40775608102273	16.836838029014004
3.140100000002202	1.0000000981001582	0.38213286799004664	16.92584066345607
3.1601000000022443	0.9999998007738462	0.36735419102569977	17.057595180957595
3.1801000000022865	0.9999996294422182	0.36441826747495853	17.214114342978494
3.2001000000023287	0.9999996878223499	0.3732790119522352	17.369169515801484
3.220100000002371	0.9999999470589757	0.39288190002013973	17.497335453612806
3.240100000002413	1.0000002594060218	0.4212671965775855	17.582542933574565
3.2601000000024554	1.0000004413396915	0.4557503966331233	17.623278629774656
3.2801000000024976	1.000000382712686	0.4931689748721307	17.632740793946592
3.30010000000254	1.000000116464155	0.5301686724098497	17.634002899051
3.320100000002582	0.9999998016186521	0.5635042954338809	17.651936370336504
3.340100000002624	0.9999996272714099	0.5903370720055618	17.704716002557422
3.3601000000026664	0.9999996982352446	0.608492217579836	17.79782978527191
3.3801000000027086	0.9999999735626033	0.6166353316783382	17.922584622129936
3.400100000002751	1.000000292200182	0.6143550446224743	18.05947678057188
3.420100000002793	1.0000004669328912	0.6021640842291263	18.18512102869954
3.4401000000028352	1.000000392256408	0.5814344506678382	18.28028588797185
3.4601000000028774	1.0000001071978688	0.5542639479293223	18.336288015160594
3.4801000000029196	0.9999997766855614	0.5232750970879806	18.357609721084295
3.500100000002962	0.9999995969130399	0.49136371509583116	18.3599395394123
3.520100000003004	0.9999996766504436	0.4614266525203892	18.36443573606722
3.5401000000030463	0.9999999685797998	0.43608812971194993	18.390298770719944
3.5601000000030885	1.0000002973527218	0.41744964407356205	18.448275531271324
3.5801000000031307	1.0000004667041982	0.40690316406088506	18.537323125754217
3.600100000003173	1.0000003760170808	0.40503490946217413	18.645463364134255
3.620100000003215	1.0000000768075321	0.41161855802533304	18.754339897885803
3.6401000000032573	0.9999997418520331	0.42567700367510136	18.84573957813723
3.6601000000032995	0.9999995673416594	0.44560048537269437	18.907767534658554
3.6801000000033417	0.9999996594491719	0.46931561952471074	18.9385873892892
3.700100000003384	0.9999999676691538	0.4944965820334008	18.946552416873434
3.720100000003426	1.0000003097677814	0.5187929859963542	18.946845648290736
3.7401000000034683	1.0000004807007112	0.5400512608561534	18.95595063609617
3.7601000000035105	1.0000003785477787	0.5565136210181221	18.985963687048343
3.7801000000035527	1.0000000654583452	0.5669711415848061	19.04072225601747
3.800100000003595	0.9999997274171402	0.5708466925146674	19.114990032524755
3.820100000003637	0.9999995633867349	0.5682017511913248	19.196792464074097
3.8401000000036793	0.9999996710334926	0.5596842902652052	19.271897251335485
3.8601000000037216	0.9999999906360806	0.5464345180689015	19.328779066880344
3.8801000000037638	1.000000336882299	0.5299587110358482	19.36235600246118
3.900100000003806	1.0000005046974803	0.511974561314173	19.375299635291537
3.920100000003848	1.0000003920729028	0.494241076340554	19.37660991931905
3.9401000000038904	1.0000000648099256	0.47839235218906995	19.378106392292963
3.9601000000039326	0.9999997185206307	0.4657877831926686	19.390172899495436
3.980100000003975	0.9999995597018654	0.45738970702428655	19.418280816549494
4.000100000004016	0.9999996816255607	0.45368540422471254	19.461463974687202
4.0201000000039695	1.0000000113220529	0.4546671505210007	19.51315663550015
4.040100000003923	1.000000355057567	0.4598646722543021	19.56393204713679
4.060100000003876	1.0000005112654484	0.4684189093159946	19.605037167506055
4.08010000000383	1.0000003864372935	0.47918592884686007	19.631414982074514
4.100100000003783	1.0000000509027636	0.4908647599740973	19.643172792043043
4.120100000003736	0.9999997014023079	0.5021403331217725	19.645071366769056
4.14010000000369	0.9999995464582253	0.5118255786219456	19.644356315174054
4.160100000003643	0.9999996796035366	0.5189865340743304	19.64785049428475
4.180100000003597	1.0000000207730384	0.5230390707765854	19.659450744465047
4.20010000000355	1.0000003657034118	0.5238060722106608	19.678955534658353
4.220100000003503	1.0000005106914656	0.5215209435243972	19.70258304609626
4.240100000003457	1.0000003722066355	0.5167789693126543	19.724848250184067
4.26010000000341	1.0000000319877271	0.510447260955401	19.7409479400195
4.2801000000033635	0.9999996882872466	0.5035470702513862	19.74865577185081
4.300100000003317	0.9999995431548147	0.4971214134722729	19.748988574238155
4.32010000000327	0.9999996849641387	0.4921022399553132	19.74544536102658
4.340100000003224	1.0000000321293527	0.4891927615655525	19.742221113837317
4.360100000003177	1.0000003778773627	0.4887801611632232	19.742213324311503
4.3801000000031305	1.0000005152916918	0.49088996212268177	19.745701041664404
4.400100000003084	1.0000003639520751	0.4951846581099696	19.75026368503813
4.420100000003037	1.000000016172969	0.5010105043393258	19.751960667122553
4.440100000002991	0.9999996777864888	0.5074857403290118	19.747239846671533
4.460100000002944	0.9999995461233948	0.5136149922466319	19.734722301127018
4.480100000002897	0.9999996975625399	0.5184144588324925	19.716059895853174
4.500100000002851	1.0000000441955745	0.521036983145631	19.69544830073595
4.520100000002804	1.0000003825509265	0.5208832599226246	19.677942499900542
4.540100000002758	1.0000005111558223	0.5176844248979173	19.66724378644461
4.560100000002711	1.0000003518353235	0.5115469305141457	19.663884401359265
4.580100000002664	0.9999999993299963	0.502953150784095	19.664616339540764
4.600100000002618	0.9999996643481507	0.4927201578510203	19.663351906814587
4.620100000002571	0.9999995451053008	0.4819188259381557	19.653384312661768
4.6401000000025245	0.9999997093016697	0.4717615585184407	19.630076582912704
4.660100000002478	1.000000057708046	0.46347393964751377	19.592965373135034
4.680100000002431	1.0000003855546409	0.4581666408642966	19.54639675653004
4.700100000002385	1.0000005016216473	0.45671323533877406	19.49832950091123
4.720100000002338	1.0000003378571416	0.4596403394131418	19.457616399912776
4.7401000000022915	0.9999999900089891	0.467045834482555	19.43068312885612
4.760100000002245	0.9999996642537524	0.4785572613344929	19.418833446944287
4.780100000002198	0.9999995556702933	0.4933386625467571	19.417269728940028
4.800100000002152	0.9999997293870808	0.5101458678649518	19.41634648528641
4.820100000002105	1.0000000804978635	0.5274300059910901	19.404764059457978
4.840100000002058	1.0000003997691298	0.5434820059038766	19.373647938344824
4.860100000002012	1.0000005010267023	0.5566021990846516	19.320041336354585
4.880100000001965	1.0000003289240271	0.5652701939855481	19.24846090373589
4.900100000001919	0.9999999866561912	0.5683018802694357	19.16980773862284
4.920100000001872	0.999999674684979	0.5649903722693813	19.097849917249103
4.940100000001825	0.9999995764501118	0.5552155152017513	19.04439185041606
4.960100000001779	0.9999997512403768	0.5395007593476062	19.014817328682224
4.980100000001732	1.0000000956885013	0.5190013694669302	19.005686916372728
5.0001000000016855	1.0000004033438745	0.4954239281132829	19.005420371868496
5.020100000001639	1.0000004905129811	0.4708806369089017	18.998009589305408
5.040100000001592	1.0000003078791273	0.44769060858510173	18.968573067641668
5.060100000001546	0.9999999664711773	0.42814799116285673	18.90880687676188
5.080100000001499	0.9999996670735313	0.41429163374328826	18.82032654073892
5.1001000000014525	0.9999995820611094	0.4077051567247377	18.714591752383086
5.120100000001406	0.9999997581218294	0.4093537721661397	18.6092973888496
5.140100000001359	1.0000000904365676	0.4194634001788788	18.522363465793273
5.160100000001313	1.0000003820761751	0.4374601796092215	18.465560523832174
5.180100000001266	1.0000004588889324	0.46199213556111546	18.44004594107902
5.200100000001219	1.0000002746525167	0.4910320474780535	18.435503265185748
5.220100000001173	0.9999999401426769	0.5220515095648214	18.43334172645428
5.240100000001126	0.9999996551665465	0.5522494656884601	18.412965273635187
5.26010000000108	0.9999995868034902	0.5788176874421964	18.35898163422789
5.280100000001033	0.9999997712561874	0.5992104773807626	18.26681120533676
5.300100000000986	1.0000000969530718	0.6113796140639186	18.144661171984446
5.32010000000094	1.000000373087241	0.6139573785725176	18.011082127995884
5.340100000000893	1.0000004402316538	0.6063905760794588	17.888842666618647
5.3601000000008465	1.0000002613122136	0.5890224895938375	17.797130723566514
5.3801000000008	0.9999999436022973	0.5630984185643333	17.744737452242134
5.400100000000753	0.9999996772320819	0.5306846873051159	17.726644117582943
5.420100000000707	0.9999996221272923	0.49450612905109287	17.725327591785575
5.44010000000066	0.9999998107026984	0.4577180160902618	17.716483102949283
5.4601000000006135	1.0000001290022926	0.42362475732808935	17.677300973408723
5.480100000000567	1.000000388552994	0.39537057624541705	17.594467909193597
5.50010000000052	1.0000004404635572	0.3756455666824595	17.469071524924622
5.520100000000474	1.0000002599991558	0.3664447943683477	17.31661986754234
5.540100000000427	0.9999999561876248	0.3688882418327617	17.162063574537893
5.56010000000038	0.9999997073036708	0.38309306335712	17.031410520081455
5.580100000000334	0.9999996590351785	0.4081175016055572	16.9427233262467
5.600100000000287	0.9999998391767767	0.4420018041463151	16.899611246057788
5.620100000000241	1.0000001389306559	0.48191581589199467	16.889581931961903
5.640100000000194	1.000000377530223	0.5243960553165385	16.88798189464032
5.660100000000147	1.0000004129664086	0.5656545142531774	16.866300176874216
5.680100000000101	1.0000002271907749	0.6019348476586003	16.802026932971707
5.700100000000054	0.9999999323943071	0.6298738593616533	16.686626708313682
5.7201000000000075	0.9999997002975046	0.6468143803564991	16.528786299137863
5.740099999999961	0.9999996620006026	0.6510373141890308	16.351738124891693
5.760099999999914	0.9999998349581419	0.6419208826850356	16.185505635476414
5.780099999999868	1.0000001142899517	0.620025245490926	16.056651975354367
5.800099999999821	1.000000333179723	0.5870798236336069	15.979019395385281
5.8200999999997745	1.0000003609949655	0.5458503552072641	15.948706850580441
5.840099999999728	1.0000001820874749	0.4999008872155125	15.945126819068715
5.860099999999681	0.999999904998199	0.45327740160910135	15.937879746850593
5.880099999999635	0.9999996950285798	0.41013911653067103	15.89714072688824
5.900099999999588	0.9999996738678862	0.37436806209509316	15.803986862581478
5.920099999999541	0.9999998495214962	0.34920791348090435	15.657063228671728
5.940099999999495	1.0000001161591652	0.3369851745355983	15.473248764635763
5.960099999999448	1.0000003187321795	0.33892139339299215	15.28207163162285
5.980099999999402	1.0000003424929031	0.35502378079111296	15.115742389436198
6.000099999999355	1.0000001779225358	0.3840561198118122	14.998144428190951
6.020099999999308	0.9999999259243143	0.4236200869915199	14.936530497288286
6.040099999999262	0.9999997387791122	0.47035000606605565	14.918826035809932
6.060099999999215	0.9999997290238697	0.5201997576269191	14.917551723050778
6.0800999999991685	0.9999999014387116	0.5687944041172839	14.89909896484911
6.100099999999122	1.0000001519836583	0.6118259319806358	14.83522620348631
6.120099999999075	1.0000003335996983	0.6454552909025563	14.712822157576893
6.140099999999029	1.0000003445016956	0.666657714494259	14.538539089563676
6.160099999998982	1.0000001844293442	0.6734727137951368	14.336681465558641
6.1800999999989354	0.9999999504152952	0.6651620836749121	14.141054876439714
6.200099999998889	0.9999997794882315	0.6422945296521289	13.983498687668826
6.220099999998842	0.9999997703454377	0.6067328936330609	13.882958216636208
6.240099999998796	0.9999999256311797	0.5614983727191923	13.838851584431668
6.260099999998749	1.000000149539745	0.5105143237366607	13.831089771805487
6.280099999998702	1.0000003060082836	0.4582623759224753	13.826826796130094
6.300099999998656	1.000000302226524	0.4093780121907792	13.79167663314378
6.320099999998609	1.0000001430797427	0.3682150953258177	13.701547645102087
6.3400999999985626	0.9999999236725867	0.3384367841141823	13.550982828060917
6.360099999998516	0.9999997699101786	0.32269390389547803	13.35510502863913
6.380099999998469	0.9999997659174724	0.322416542996139	13.144513997850147
6.400099999998423	0.9999999081140806	0.3376949376969205	12.954888727421347
6.420099999998376	1.0000001087842594	0.36725048359177165	12.814809851414038
6.4400999999983295	1.000000247336569	0.40852357208113177	12.735944350523175
6.460099999998283	1.0000002417020126	0.4578961445927381	12.708994418914308
6.480099999998236	1.0000000974063656	0.5110180736968339	12.706843995671857
6.50009999999819	0.9999999028883946	0.5631979222742627	12.693839076182142
6.520099999998143	0.9999997740935759	0.6098312281850384	12.638012753628598
6.540099999998096	0.9999997845917807	0.6468291718606772	12.522038003940489
6.56009999999805	0.9999999245631912	0.6709884110438755	12.34912667446012
6.580099999998003	1.0000001104836906	0.6802464066779862	12.141882199808697
6.600099999997957	1.0000002358824127	0.6738284457736441	11.934567998689205
6.62009999999791	1.000000232458992	0.6523072514446087	11.76144936802505
6.640099999997863	1.0000001080292973	0.6175716258549213	11.645141837228216
6.660099999997817	0.9999999409439783	0.5726721417791285	11.588922117929524
6.68009999999777	0.9999998334178344	0.52155158935618	11.575640202781292
6.7000999999977235	0.9999998501801344	0.4686970459647494	11.573608924554225
6.720099999997677	0.9999999800372443	0.41874444645984665	11.54744953208328
6.74009999999763	1.0000001448829736	0.37605746504249565	11.470177858738909
6.760099999997584	1.000000249174231	0.34432263340439556	11.332375438965553
6.780099999997537	1.0000002366029583	0.3262321385367711	11.145307067574008
6.8000999999974905	1.0000001197791148	0.32328307137182244	10.936984931899337
6.820099999997444	0.999999969442895	0.33567585188978627	10.742593711508261
6.840099999997397	0.9999998727228131	0.3622871687415154	10.592528925637898
6.860099999997351	0.9999998834366602	0.40074588656382587	10.502081528467512
6.880099999997304	0.9999999909686027	0.4476340037743793	10.466285797516305
6.900099999997257	1.0000001269287524	0.49879471069251685	10.461706612276046
6.920099999997211	1.0000002075291152	0.5497051615711702	10.454538459161354
6.940099999997164	1.0000001849192572	0.5958857472972251	10.41221684700997
6.960099999997118	1.0000000740069406	0.6333203671903267	10.314534022333374
6.980099999997071	0.9999999398512074	0.6588246891434466	10.160426075360137
7.000099999997024	0.9999998573941504	0.6703062594748795	9.968147117456116
7.020099999996978	0.9999998689835309	0.6669045321381198	9.768882639613182
7.040099999996931	0.99999996213943	0.6490484595057473	9.596057834025348
7.0600999999968845	1.0000000781992762	0.6184289829587407	9.473977937715713
7.080099999996838	1.0000001471620186	0.5778570778500688	9.409652782142778
7.100099999996791	1.0000001292828051	0.5309996485042539	9.390594339499598
7.120099999996745	1.0000000381362537	0.4820373079625054	9.389294587229367
7.140099999996698	0.9999999306235842	0.43528810563159587	9.372775023705277
7.1600999999966515	0.9999998710863025	0.3948144352174292	9.313882778461368
7.180099999996605	0.9999998930643513	0.3640482795816616	9.200442107669913
7.200099999996558	0.9999999817632825	0.34549167171005346	9.039151394888709
7.220099999996512	1.0000000854760953	0.34054031833734727	8.853006079915673
7.240099999996465	1.0000001469146085	0.34940720248460577	8.673275883520992
7.260099999996418	1.0000001357380763	0.3711203649114549	8.52883390324629
7.280099999996372	1.0000000645856446	0.40360246491441604	8.436443062680745
7.300099999996325	0.9999999803542893	0.4438614995911577	8.395273990460954
7.320099999996279	0.9999999357476115	0.488273113174928	8.387471216279927
7.340099999996232	0.9999999577327089	0.5329069958191279	8.384484380311964
7.360099999996185	1.0000000322880076	0.5738736238606179	8.356919998732858
7.380099999996139	1.0000001148056854	0.607677128750458	8.284514049855824
7.400099999996092	1.0000001583993794	0.631537365021673	8.162815724308214
7.4200999999960455	1.0000001411490669	0.6436125283173799	8.00436296954847
7.440099999995999	1.0000000764227266	0.6431102182424653	7.8341014910301485
7.460099999995952	1.0000000028535687	0.630317274293409	7.680746413902368
7.480099999995906	0.9999999615385957	0.6065737840229275	7.5670470747425735
7.500099999995859	0.999999972853097	0.5741598552686726	7.5022299791342855
7.5200999999958125	1.0000000252191725	0.5360797206441001	7.479155051658754
7.540099999995766	1.0000000829427327	0.49577599152472335	7.477084783250567
7.560099999995719	1.0000001088595858	0.45681697918260483	7.469008026378565
7.580099999995673	1.0000000868960075	0.4225760684790701	7.430932690161102
7.600099999995626	1.0000000299720158	0.3959155436923667	7.349935910216767
7.620099999995579	0.999999970012233	0.3789332777942557	7.228238889664915
7.640099999995533	0.999999938434505	0.37281425454313094	7.082032522409707
7.660099999995486	0.9999999489207925	0.3777817941037829	6.935642427316792
7.68009999999544	0.9999999910257188	0.3931026670438727	6.813138128599441
7.700099999995393	1.000000037345841	0.4171529058819356	6.730247757557597
7.720099999995346	1.0000000601767112	0.4475743459167103	6.689295668426031
7.7400999999953	1.0000000478710713	0.4815165958080603	6.678827356848668
7.760099999995253	1.0000000107853355	0.5159133355481248	6.677912733645939
7.7800999999952065	0.9999999735376308	0.5477548203580883	6.663511105280935
7.80009999999516	0.9999999593659525	0.5743587681716453	6.6183059679467275
7.820099999995113	0.9999999767486754	0.5936146967925483	6.536332025625691
7.840099999995067	1.0000000158548155	0.6041558497647982	6.4245491204689005
7.86009999999502	1.0000000556993458	0.6054255486472483	6.300006607781229
7.8800999999949735	1.0000000768349433	0.5976756823323265	6.1837603826075815
7.900099999994927	1.000000072019303	0.5819234919833803	6.093696232301961
7.92009999999488	1.0000000492027423	0.5598534402109371	6.038675361844794
7.940099999994834	1.000000025752825	0.5336412029123921	6.015934468654392
7.960099999994787	1.000000017643051	0.5057293242031138	6.012504546596627
7.98009999999474	1.000000030111445	0.4786044114248709	6.009994813302723
8.000099999994694	1.000000055372692	0.4545820818972787	5.990984115451384
8.020099999994647	1.0000000784056537	0.43559847067673674	5.944806496621567
8.0400999999946	1.0000000865313157	0.4230331147800729	5.870789053035103
8.060099999994554	1.0000000763767298	0.4176201765792459	5.777960681595752
8.080099999994507	1.0000000545288326	0.4194414494327755	5.6815417797839975
8.10009999999446	1.0000000326931047	0.427961697593762	5.597579669752795
8.120099999994414	1.000000020839303	0.44208552718772126	5.537584209018551
8.140099999994368	1.0000000219280143	0.46026792903588837	5.504944316038082
8.160099999994321	1.0000000308639803	0.48068581874766514	5.494261772451008
8.180099999994274	1.0000000383385885	0.5014272651697433	5.493678958554729
8.200099999994228	1.0000000370525788	0.5206654321070391	5.489227089237578
8.220099999994181	1.0000000259499067	0.5368168402464479	5.469610774690866
8.240099999994134	1.000000009944579	0.5486908741548443	5.4297863458484645
8.260099999994088	0.9999999962287119	0.5555845323819364	5.372183006860898
8.280099999994041	0.999999990078718	0.5572993211960923	5.305326183412375
8.300099999993995	0.9999999923704133	0.5541014318209403	5.2405558867788455
8.320099999993948	0.9999999997430219	0.5466720157789452	5.188079611212901
8.340099999993901	1.0000000070913868	0.5360354053909697	5.153703651312689
8.360099999993855	1.0000000108185787	0.5234366108090907	5.137298199181515
8.380099999993808	1.0000000107113491	0.51018594549363	5.133400923188361
8.400099999993762	1.000000009390327	0.49752030361446514	5.133549109222634
8.420099999993715	1.0000000101258018	0.48650265078345606	5.12936940918766
8.440099999993668	1.0000000147249422	0.47793179441304406	5.115313456181185
8.460099999993622	1.000000022694757	0.47227181386840594	5.0901446067395595
8.480099999993575	1.000000031897483	0.46963131430436245	5.056788634994019
8.500099999993528	1.000000040022784	0.4698082884827837	5.020811580386189
8.520099999993482	1.0000000458522786	0.47235426766046024	4.988243351100031
8.540099999993435	1.0000000495656638	0.476635732713804	4.963564431558381
8.560099999993389	1.0000000521332342	0.48191185652644825	4.948509482453208
8.580099999993342	1.000000054387875	0.4874428790633794	4.942010074590828
8.600099999993295	1.0000000564596772	0.49259426105072557	4.941121453841645
8.620099999993249	1.0000000578463037	0.4968941949888233	4.94240465346818
8.640099999993202	1.000000057922937	0.500063412333352	4.943166299628676
8.660099999993156	1.0000000564076816	0.5020383080132106	4.9421287127786915
8.680099999993109	1.0000000534736013	0.5029778787561908	4.939369621482708
8.700099999993062	1.0000000494953407	0.503213978183629	4.935708862764368
8.720099999993016	1.0000000447454658	0.5031673519722135	4.931975702988172
8.74009999999297	1.0000000393306219	0.5032721711330717	4.92856912486556
8.760099999992923	1.0000000333898824	0.5039212230978576	4.925483229983222
8.780099999992876	1.0000000272518097	0.5054013450217526	4.922736907122084
8.80009999999283	1.0000000213781892	0.507819381723903	4.920942064534556
8.820099999992783	1.0000000161303109	0.5110651957471724	4.921615080767843
8.840099999992736	1.0000000115377716	0.5148255530004536	4.926925582180765
8.86009999999269	1.0000000072995023	0.5186248429357534	4.938891117891276
8.880099999992643	1.0000000032009484	0.521864880547251	4.958323780006604
8.900099999992596	0.9999999996339951	0.5238935561453166	4.983995642938478
8.92009999999255	0.9999999976397405	0.5241068412019508	5.012501200138499
8.940099999992503	0.9999999982919521	0.5220516383521195	5.039075452846251
8.960099999992456	1.0000000018966537	0.5174887589772387	5.0591873621981565
8.98009999999241	1.0000000075133293	0.5104334764938119	5.070355615510292
9.000099999992363	1.0000000131689957	0.5011993212542722	5.073495522303319
9.020099999992317	1.0000000169072878	0.4904183602100023	5.073184283227318
9.04009999999227	1.0000000182901891	0.4789990687241832	5.076526535546968
9.060099999992223	1.0000000191277159	0.46802457473487985	5.0908516094968235
9.080099999992177	1.0000000224902335	0.45864575925746354	5.121015425052432
9.10009999999213	1.0000000305057948	0.45197638892914727	5.1673010283370955
9.120099999992084	1.0000000425640192	0.44897596018972524	5.224765601831601
9.140099999992037	1.0000000551080448	0.4503201506045092	5.284453237375103
9.16009999999199	1.0000000632134927	0.45630616094123905	5.336225164695223
9.180099999991944	1.0000000633812673	0.46680733343439784	5.372298507478919
9.200099999991897	1.0000000561733478	0.48125308604290246	5.390255563617046
9.22009999999185	1.0000000466607588	0.4986285381479626	5.394403990594405
9.240099999991804	1.000000041707349	0.5175277078430064	5.39483083089297
9.260099999991757	1.0000000454692006	0.5362864395761302	5.404265218912504
9.28009999999171	1.0000000561813462	0.5531486674991237	5.433729960886686
9.300099999991664	1.0000000665585147	0.5664257430302772	5.488496393828746
9.320099999991617	1.0000000678760654	0.5746443458772567	5.565805318649786
9.34009999999157	1.0000000554560093	0.5767066029144836	5.6552808782180115
9.360099999991524	1.0000000322917917	0.57203014802602	5.742088908583513
9.380099999991478	1.0000000083045548	0.560628382377328	5.811891291095704
9.400099999991431	0.9999999951112898	0.5431293787013284	5.855920204429494
9.420099999991384	0.9999999989458168	0.5207601628167603	5.874392914378859
9.440099999991338	1.0000000160533697	0.4952908353384979	5.876972276535983
9.460099999991291	1.0000000339276658	0.46889716838105855	5.879906594121979
9.480099999991245	1.0000000384794039	0.4439522829294938	5.900652811750659
9.500099999991198	1.0000000231410284	0.4227961380756481	5.951788680686623
9.520099999991151	0.9999999940033145	0.4075275036632829	6.03635552859568
9.540099999991105	0.9999999671020061	0.3998043605123663	6.146331807669392
9.560099999991058	0.9999999591580374	0.4006624947387527	6.264922038344527
9.580099999991011	0.9999999773783073	0.41038950856727957	6.372040314597798
9.600099999990965	1.0000000143203276	0.4284834804657865	6.451178561953039
9.620099999990918	1.0000000508903695	0.4536746586914843	6.495301964816824
9.640099999990872	1.000000066674566	0.4839883376020878	6.509691434058385
9.660099999990825	1.0000000526110902	0.5168785871083531	6.510609997924514
9.680099999990778	1.0000000181404507	0.5494540298100723	6.520047329225633
9.700099999990732	0.9999999867590527	0.5787660034655027	6.558237951716399
9.720099999990685	0.9999999817285771	0.602083671493567	6.636542686492444
9.740099999990639	1.0000000112543481	0.6171358732407294	6.753205170033725
9.760099999990592	1.0000000627488144	0.622321893133736	6.893532576562384
9.780099999990545	1.0000001092508533	0.6168804042784906	7.034576248922256
9.800099999990499	1.0000001242714454	0.6009757273211191	7.152820423516888
9.820099999990452	1.0000000975808507	0.5756965237124133	7.232289448094631
9.840099999990406	1.0000000431661569	0.5429938943475869	7.270287961990692
9.860099999990359	0.9999999929601411	0.5055580118522236	7.278737666019773
9.880099999990312	0.9999999781179	0.46660661981067353	7.280485079520172
9.900099999990266	1.000000009038171	0.4295807668804376	7.30168215313238
9.920099999990219	1.0000000676342005	0.39781736575761684	7.362806140940523
9.940099999990172	1.000000117324482	0.3742523267729835	7.471437157783837
9.960099999990126	1.0000001246593662	0.3611676253545903	7.619322729048048
9.98009999999008	1.0000000796419848	0.35997240632432326	7.784831625678587
