tau	N_greek	x	epsilon
0.0001	1.0000000000000149	0.5000000000000074	4.934396342684427
0.010099999999999994	1.0000000001510636	0.5000000000755317	4.934396343429777
0.020099999999999934	1.0000000005968201	0.5000000002984102	4.934396345629455
0.030099999999999873	1.0000000013329486	0.5000000006664744	4.934396349261724
0.04010000000000012	1.0000000023522837	0.5000000011761417	4.934396354291531
0.05010000000000041	1.0000000036449062	0.500000001822453	4.934396360669876
0.060100000000000695	1.0000000051982365	0.5000000025991186	4.934396368334503
0.07010000000000098	1.0000000069971606	0.5000000034985803	4.934396377211402
0.08010000000000127	1.0000000090241707	0.5000000045120851	4.9343963872133205
0.09010000000000155	1.0000000112595406	0.5000000056297706	4.9343963982434635
0.10010000000000184	1.0000000136815188	0.5000000068407594	4.934396410194406
0.11010000000000213	1.0000000162665348	0.5000000081332677	4.93439642294996
0.12010000000000241	1.000000018989434	0.500000009494717	4.934396436385925
0.130100000000002	1.0000000218237175	0.5000000109118587	4.934396450371293
0.1401000000000009	1.0000000247418037	0.500000012370902	4.934396464770252
0.1500999999999998	1.0000000277152963	0.5000000138576484	4.934396479442638
0.1600999999999987	1.0000000307152588	0.5000000153576293	4.934396494245692
0.1700999999999976	1.0000000337124966	0.5000000168562483	4.934396509035271
0.18009999999999649	1.0000000366778432	0.5000000183389217	4.934396523667468
0.19009999999999538	1.000000039582442	0.500000019791221	4.934396537999908
0.20009999999999428	1.000000042398026	0.5000000211990129	4.934396551893216
0.21009999999999318	1.0000000450971966	0.5000000225485984	4.934396565211854
0.22009999999999208	1.0000000476536868	0.5000000238268434	4.9343965778265435
0.23009999999999098	1.0000000500426187	0.5000000250213092	4.934396589614591
0.24009999999998988	1.0000000522407433	0.5000000261203714	4.934396600461025
0.2500999999999888	1.0000000542266712	0.5000000271133354	4.934396610260359
0.2600999999999877	1.0000000559810753	0.5000000279905374	4.934396618917319
0.2700999999999866	1.000000057486884	0.500000028743442	4.9343966263475325
0.28009999999998547	1.000000058729443	0.5000000293647213	4.93439663247883
0.29009999999998437	1.0000000596966603	0.5000000298483298	4.934396637251378
0.30009999999998327	1.0000000603791235	0.5000000301895621	4.934396640619104
0.31009999999998217	1.000000060770193	0.5000000303850967	4.934396642548654
0.32009999999998107	1.0000000608660609	0.5000000304330305	4.934396643021599
0.33009999999997997	1.0000000606657948	0.5000000303328975	4.934396642033543
0.34009999999997886	1.0000000601713441	0.500000030085672	4.934396639593703
0.35009999999997776	1.000000059387521	0.5000000296937605	4.934396635726058
0.36009999999997666	1.0000000583219513	0.5000000291609757	4.934396630468007
0.37009999999997556	1.000000056985006	0.5000000284925029	4.934396623871176
0.38009999999997446	1.0000000553896942	0.5000000276948471	4.93439661599927
0.39009999999997336	1.0000000535515434	0.5000000267757716	4.934396606928941
0.40009999999997226	1.0000000514884377	0.500000025744219	4.934396596748779
0.41009999999997115	1.0000000492204568	0.5000000246102283	4.934396585557774
0.42009999999997005	1.0000000467696701	0.500000023384835	4.934396573464418
0.43009999999996895	1.000000044159927	0.5000000220799634	4.93439656058701
0.44009999999996785	1.0000000414166246	0.5000000207083122	4.934396547050469
0.45009999999996675	1.0000000385664591	0.5000000192832293	4.934396532986612
0.46009999999996565	1.0000000356371654	0.5000000178185825	4.934396518532395
0.47009999999996455	1.0000000326572513	0.5000000163286255	4.934396503828343
0.48009999999996344	1.000000029655715	0.5000000148278572	4.934396489017523
0.49009999999996234	1.0000000266617648	0.5000000133308824	4.934396474244136
0.5000999999999612	1.0000000237045379	0.5000000118522685	4.9343964596519605
0.5100999999999601	1.00000002081281	0.5000000104064046	4.934396445383083
0.520099999999959	1.000000018014723	0.5000000090073614	4.934396431576223
0.5300999999999579	1.0000000153375062	0.500000007668753	4.934396418365848
0.5400999999999568	1.0000000128072122	0.5000000064036061	4.934396405880334
0.5500999999999557	1.0000000104484645	0.5000000052242323	4.9343963942414115
0.5600999999999546	1.000000008284218	0.500000004142109	4.934396383562034
0.5700999999999535	1.0000000063355325	0.5000000031677664	4.934396373946275
0.5800999999999524	1.0000000046213715	0.5000000023106856	4.9343963654881895
0.5900999999999513	1.0000000031584169	0.5000000015792084	4.934396358269224
0.6000999999999502	1.0000000019609052	0.5000000009804527	4.934396352360261
0.6100999999999491	1.00000000104049	0.500000000520245	4.934396347818442
0.620099999999948	1.0000000004061267	0.5000000002030637	4.934396344688532
0.6300999999999469	1.0000000000639913	0.5000000000319959	4.934396343000186
0.6400999999999458	1.0000000000174105	0.5000000000087056	4.934396342770433
0.6500999999999447	1.0000000002668394	0.50000000013342	4.934396344001205
0.6600999999999436	1.0000000008098506	0.5000000004049258	4.934396346680557
0.6700999999999425	1.0000000016411597	0.50000000082058	4.934396350782652
0.6800999999999414	1.0000000027526756	0.500000001376338	4.9343963562671895
0.6900999999999403	1.0000000041335828	0.5000000020667917	4.934396363081121
0.7000999999999392	1.000000005770443	0.5000000028852215	4.934396371158055
0.7100999999999381	1.000000007647327	0.5000000038236637	4.934396380419291
0.720099999999937	1.000000009745971	0.5000000048729858	4.9343963907748
0.7300999999999359	1.0000000120459516	0.5000000060229758	4.9343964021238795
0.7400999999999348	1.0000000145248862	0.5000000072624432	4.934396414355974
0.7500999999999337	1.0000000171586514	0.5000000085793259	4.934396427352036
0.7600999999999326	1.0000000199216186	0.500000009960809	4.934396440985521
0.7700999999999315	1.0000000227868986	0.5000000113934487	4.934396455124036
0.7800999999999304	1.000000025726608	0.5000000128633039	4.9343964696296965
0.7900999999999293	1.0000000287121404	0.50000001435607	4.934396484361508
0.8000999999999282	1.0000000317144417	0.5000000158572206	4.934396499176008
0.8100999999999271	1.0000000347042957	0.5000000173521477	4.9343965139291335
0.820099999999926	1.0000000376526064	0.5000000188263033	4.934396528477345
0.8300999999999249	1.000000040530683	0.5000000202653414	4.934396542678873
0.8400999999999238	1.0000000433105176	0.5000000216552588	4.934396556395648
0.8500999999999227	1.0000000459650589	0.5000000229825289	4.934396569494188
0.8600999999999216	1.0000000484684737	0.5000000242342368	4.934396581847055
0.8700999999999205	1.000000050796401	0.5000000253982002	4.934396593334016
0.8800999999999194	1.0000000529261863	0.5000000264630929	4.9343966038432985
0.8900999999999183	1.0000000548371046	0.5000000274185522	4.9343966132724555
0.9000999999999172	1.0000000565105587	0.5000000282552792	4.93439662153003
0.9100999999999161	1.0000000579302646	0.5000000289651323	4.934396628535247
0.920099999999915	1.000000059082406	0.5000000295412028	4.934396634220435
0.9300999999999139	1.0000000599557712	0.5000000299778854	4.93439663852987
0.9400999999999128	1.0000000605418613	0.5000000302709302	4.934396641421942
0.9500999999999117	1.000000060834972	0.5000000304174859	4.934396642868283
0.9600999999999106	1.0000000608322517	0.5000000304161256	4.934396642854804
0.9700999999999095	1.0000000605337267	0.5000000302668633	4.934396641381833
0.9800999999999084	1.0000000599423018	0.5000000299711513	4.934396638463624
0.9900999999999073	1.000000059063733	0.5000000295318666	4.9343966341283245
