tau	N_greek	x	epsilon
0.0001	1.0000000009665246	0.500000000483262	78.85298693143511
0.020099999999999934	1.0000155385533944	0.49976738403899723	78.85394862196453
0.04010000000000012	1.0000000334163492	0.49875010118750096	78.8505859838744
0.060100000000000695	1.0000154889988506	0.4981251048778452	78.8494635200461
0.08010000000000127	1.000000028505846	0.5006618284082694	78.84847912952088
0.10010000000000184	1.000015513696767	0.5080288816354748	78.83799648073146
0.12010000000000241	1.0000001443480198	0.5177790799943952	78.78416202556114
0.1401000000000009	1.0000152970301246	0.5231680673726455	78.69247161600663
0.1600999999999987	1.0000002146298954	0.5170066757490446	78.6117182589905
0.18009999999999649	1.0000153959271862	0.4976027519124731	78.59205792912375
0.20009999999999428	1.0000001782273662	0.4719656266322825	78.5876293046253
0.22009999999999208	1.0000152952395471	0.453196214969394	78.50857759492717
0.24009999999998988	1.0000003015760293	0.45370430616656826	78.33212823421928
0.2600999999999877	1.0000151883278952	0.4771820866068119	78.17546863743642
0.28009999999998547	1.0000003826170023	0.5146036001946086	78.15336734468822
0.30009999999998327	1.000015207219739	0.5480357911354721	78.24156196765614
0.32009999999998107	1.0000003057748998	0.5607494815764185	78.288205187452
0.34009999999997886	1.000015168700837	0.5463991555001986	78.22168495886477
0.36009999999997666	1.0000004884738471	0.5124625024908283	78.13066238046962
0.38009999999997446	1.000014985072918	0.47593982993139783	78.16100294278085
0.40009999999997226	1.0000005842364426	0.4540666093314517	78.31767981386855
0.42009999999997005	1.0000149955836108	0.4551001186376089	78.47892726170797
0.44009999999996785	1.0000004933470745	0.4744763140264343	78.5406217076706
0.46009999999996565	1.0000149912049099	0.49884189805818663	78.53986624838028
0.48009999999996344	1.0000007122355086	0.5158748481282013	78.56212851018661
0.5000999999999612	1.000014779692631	0.5206142962113464	78.6390338541902
0.520099999999959	1.0000006770815	0.5152771121231171	78.71944037763151
0.5400999999999568	1.000014913967795	0.5065460804769449	78.76284717394203
0.5600999999999546	1.0000006984787215	0.5013217923111658	78.77063138639633
0.5800999999999524	1.0000147777991315	0.5013152719486219	78.77203205141687
0.6000999999999502	1.0000007852049533	0.5028000019665645	78.76681927976836
0.620099999999948	1.0000147311152479	0.5021868555567494	78.7585206109088
0.6400999999999458	1.0000008607456163	0.4995096557736014	78.75348122972342
0.6600999999999436	1.000014634830836	0.49712986047561414	78.76197441708676
0.6800999999999414	1.0000009788295612	0.4966059062532495	78.77064889293824
0.7000999999999392	1.0000145146959754	0.4973075069160842	78.77520380367825
0.720099999999937	1.0000010471540035	0.4970900291797181	78.77133897969979
0.7400999999999348	1.0000144214842128	0.49388818466974277	78.75951790146854
0.7600999999999326	1.0000012718679998	0.48763745698346056	78.72032751386708
0.7800999999999304	1.0000141872573884	0.48322205055200884	78.65599769316488
0.8000999999999282	1.000001345422866	0.48792000825104936	78.6003695356337
0.820099999999926	1.0000141705010477	0.5038857642948477	78.58980177560515
0.8400999999999238	1.0000014809188233	0.5247478416471795	78.58109755061137
0.8600999999999216	1.0000139906430305	0.5397734800848903	78.5026857175941
0.8800999999999194	1.000001606017191	0.5386892547891395	78.34606407649926
0.9000999999999172	1.0000138305682607	0.5180526622775244	78.21616361118564
0.920099999999915	1.0000018138394118	0.4856693165408629	78.20411441458847
0.9400999999999128	1.0000137027449574	0.45748514876641	78.2755178197974
0.9600999999999106	1.0000018645089326	0.4476431710532954	78.2986170629827
0.9800999999999084	1.0000135927110574	0.4609406253082743	78.22548885999976
1.0000999999999063	1.0000020930144897	0.4901853943161058	78.14370610912776
1.020099999999904	1.000013310683467	0.5206618162967448	78.17184723903672
1.0400999999999019	1.0000023286136628	0.538023175117482	78.30051763373365
1.0600999999998997	1.0000132130792936	0.5361431944254422	78.42270316307675
1.0800999999998975	1.0000023106215645	0.5202730912972998	78.4621032806698
1.1000999999998953	1.0000131126524674	0.5025788866472581	78.45678117867827
1.120099999999893	1.0000026334588143	0.49163238924794306	78.46766415752906
1.1400999999998909	1.0000128477205301	0.488941428643796	78.51067518886188
1.1600999999998887	1.0000026636009967	0.49169496412123986	78.55343459571333
1.1800999999998865	1.0000128409465934	0.49456522283939813	78.57857214786728
1.2000999999998843	1.0000028139846173	0.4926977779480528	78.58953674268113
1.220099999999882	1.0000126449626725	0.4879745519700364	78.58887819274771
1.2400999999998799	1.0000029575957707	0.48719424135597145	78.56025077492512
1.2600999999998777	1.0000125006699185	0.49376571827721666	78.52442311084408
1.2800999999998754	1.0000031443947248	0.5044389264586878	78.51956598822774
1.3000999999998732	1.0000123130594194	0.5132369302429861	78.55682515887028
1.320099999999871	1.0000033263769434	0.5159662900444304	78.59672246354427
1.3400999999998688	1.0000121485634763	0.5121430903170834	78.60878002623416
1.3600999999998666	1.0000034564128373	0.5045219727435294	78.59756546810593
1.3800999999998644	1.000011948754068	0.49850829787968054	78.59543107123568
1.4000999999998622	1.000003753682416	0.4987759535031348	78.60299253050516
1.42009999999986	1.000011736201518	0.5031007882309483	78.59990074552992
1.4400999999998578	1.0000038237490365	0.5038164361670158	78.58611482857047
1.4600999999998556	1.0000116146271725	0.49683176031681764	78.58415067455762
1.4800999999998534	1.0000040787232862	0.4849889651188197	78.5757216230245
1.5000999999998512	1.0000114015178894	0.4748775011001626	78.52089960947539
1.520099999999849	1.0000041947289964	0.4744864786657765	78.41511178396436
1.5400999999998468	1.000011213330983	0.48806963603487136	78.32857049568855
1.5600999999998446	1.0000044663761525	0.5107895542803882	78.32270665618275
1.5800999999998424	1.0000109984860326	0.5310319645835605	78.3681396335692
1.6000999999998402	1.0000046216066603	0.5383200108118095	78.37197760255475
1.620099999999838	1.0000108280193871	0.5289531638939476	78.30618472957686
1.6400999999998358	1.000004852197621	0.5081348024202721	78.23979891845738
1.6600999999998336	1.0000105285254257	0.48667386321057565	78.25420707927734
1.6800999999998314	1.0000051460348822	0.47473203454269974	78.3367432507429
1.7000999999998292	1.0000103514989234	0.47582658583306675	78.41101796560888
1.720099999999827	1.0000052279116898	0.4847252027201543	78.43107509204441
1.7400999999998248	1.0000101674332411	0.49275380777468486	78.4197460981577
1.7600999999998226	1.0000055545892765	0.49662137864429556	78.4045734405912
1.7800999999998204	1.0000099369340252	0.49830903721096326	78.39462091843868
1.8000999999998182	1.0000056521950254	0.5007113469532313	78.39130119701464
1.820099999999816	1.0000097557138277	0.5070483762087613	78.40264470671801
1.8400999999998138	1.0000059163249013	0.5181059814936968	78.42151346352331
1.8600999999998116	1.0000095597048346	0.5270548754557332	78.41034045677709
1.8800999999998094	1.000006065658951	0.5244817299761617	78.34451437609765
1.9000999999998072	1.0000093403458212	0.5087056713224303	78.27841628880108
1.920099999999805	1.000006357277945	0.4874356527058117	78.28686820543847
1.9400999999998028	1.0000090676618496	0.4713562990344994	78.36857326689874
1.9600999999998006	1.000006575199274	0.4677964406718259	78.44379944336654
1.9800999999997984	1.0000088972523056	0.47799510968714465	78.45627186751624
2.0000999999997964	1.0000067450784724	0.4968114026655436	78.43672465352446
2.0200999999998386	1.0000086193588582	0.5137780875396226	78.45944273781598
2.040099999999881	1.0000070697084522	0.5191349289115977	78.53582143301685
2.060099999999923	1.0000084472183768	0.5128988430294503	78.60586277095932
2.080099999999965	1.0000071470492713	0.5036742488997594	78.6315311647677
2.1001000000000074	1.0000082418941327	0.4990670746692142	78.63334909553906
2.1201000000000496	1.0000074471802705	0.5012115127649448	78.633287471181
2.140100000000092	1.0000080520903902	0.5076370674335027	78.61992645890247
2.160100000000134	1.0000075538215218	0.511699561661684	78.57763011953143
2.1801000000001762	1.000007843959558	0.507584172779493	78.53226059060013
2.2001000000002184	1.0000078344113432	0.49595036912753543	78.52338397239917
2.2201000000002606	1.0000076157247657	0.4832451358236741	78.54150002219332
2.240100000000303	1.0000080319658868	0.47666582200544017	78.53597086039096
2.260100000000345	1.0000074166134945	0.48011426349773617	78.48563747172999
2.2801000000003873	1.000008239595423	0.4913292072581578	78.43133421670447
2.3001000000004295	1.000007164717696	0.5037842461703016	78.42160841722664
2.3201000000004717	1.0000084961027391	0.5114134582451401	78.45340344040441
2.340100000000514	1.0000069757272243	0.5130482225479883	78.48559716231725
2.360100000000556	1.0000086643973825	0.512703776057118	78.49327377723198
2.3801000000005983	1.0000067330668945	0.514284040898151	78.47219410559661
2.4001000000006405	1.0000089065994515	0.5160603838667163	78.42130679522353
2.4201000000006827	1.000006622120814	0.5137867765485113	78.35520481097583
2.440100000000725	1.0000090356796354	0.5048814510292745	78.31293970457399
2.460100000000767	1.000006294305082	0.4887233843534006	78.3192163827466
2.4801000000008093	1.0000093739215037	0.46939836305819854	78.34474987592715
2.5001000000008515	1.000006147268193	0.4583168370093397	78.31308747732109
2.5201000000008937	1.0000094683114997	0.46596739365690254	78.20592671934736
2.540100000000936	1.000005913962075	0.4913948272955226	78.11714228496321
2.560100000000978	1.0000098199051362	0.5223973113448628	78.14827030699304
2.5801000000010204	1.0000055803799828	0.5440239085131414	78.27269982437109
2.6001000000010626	1.0000100458044585	0.546464773859464	78.37080359824051
2.6201000000011048	1.0000054473247313	0.52873924489994	78.37386566303421
2.640100000001147	1.0000102119747094	0.49931762166533483	78.34917830803495
2.660100000001189	1.0000051443800388	0.47357520066077075	78.40495653388687
2.6801000000012314	1.000010516366651	0.4650011873887174	78.54761740885353
2.7001000000012736	1.0000050127564608	0.4747450381329606	78.67458321317402
2.720100000001316	1.0000106138820168	0.4926809600601677	78.72265213899246
2.740100000001358	1.0000047640010554	0.5071716132944974	78.72430221741183
2.7601000000014	1.0000108822015628	0.5117358457660377	78.73958381341394
2.7801000000014424	1.0000046393788737	0.5065131755291512	78.76927486700517
2.8001000000014846	1.00001098488636	0.49785632450278366	78.77822368603773
2.820100000001527	1.0000044176872125	0.4932791752205375	78.75636402686236
2.840100000001569	1.0000112336944038	0.49621844924118824	78.73708137069184
2.8601000000016112	1.0000042319752434	0.5044717111648839	78.73530434809086
2.8801000000016534	1.0000114100225488	0.5123809415001133	78.72941149315783
2.9001000000016957	1.000004049916802	0.5147317580890104	78.69217464006203
2.920100000001738	1.0000115757919958	0.5111377182067417	78.64045405236303
2.94010000000178	1.000003878806345	0.5050035606439497	78.60424652200855
2.9601000000018223	1.0000117327115432	0.499418069617766	78.5963763038809
2.9801000000018645	1.0000037423847759	0.4940815489059474	78.60220621079164
3.0001000000019067	1.000011934932086	0.4870588984925526	78.60359524683787
3.020100000001949	1.00000349217105	0.4788636697624224	78.56924974416218
3.040100000001991	1.0000120430732047	0.47423347949054034	78.48438286103975
3.0601000000020333	1.0000035338397608	0.47808399136642843	78.37631991453472
3.0801000000020755	1.0000121570660465	0.4926487080253464	78.31216477993024
3.1001000000021177	1.0000031486792695	0.5162009085320237	78.31971152429779
3.12010000000216	1.0000124944787456	0.5405402627242895	78.34513710701212
3.140100000002202	1.0000030750233644	0.5515438494543298	78.28783801448058
3.1601000000022443	1.0000125022976831	0.5392058130643692	78.14720762996693
3.1801000000022865	1.0000029034205826	0.5069040197318045	78.04771389791576
3.2001000000023287	1.0000128274264615	0.46999185243034225	78.09947182654193
3.220100000002371	1.000002566673869	0.4459615228242837	78.24724651974488
3.240100000002413	1.0000130342629237	0.44565519630831674	78.34703173727378
3.2601000000024554	1.0000024981922286	0.4689818223272361	78.33443840316099
3.2801000000024976	1.000013139638043	0.5046797900021758	78.30869556446946
3.30010000000254	1.0000022515386933	0.534461115778156	78.3910463212866
3.320100000002582	1.0000133709159753	0.5434475451176785	78.57226384519872
3.340100000002624	1.0000021516915232	0.5303791685643242	78.72167595810224
3.3601000000026664	1.000013493856379	0.5069929787783665	78.77232674192544
3.3801000000027086	1.0000019217008724	0.48786843225235793	78.77339152572002
3.400100000002751	1.0000136562570812	0.48132600579482093	78.80348002382786
3.420100000002793	1.0000018811593205	0.48716055665018354	78.8584547341796
3.4401000000028352	1.0000137605312176	0.4989265710448546	78.88950025561279
3.4601000000028774	1.000001664339578	0.5081550517038584	78.87188350853792
3.4801000000029196	1.0000139422094139	0.5088344172079007	78.84436820984104
3.500100000002962	1.0000015544339445	0.5012523208087019	78.83537302622378
3.520100000003004	1.0000140590579394	0.49161420910109854	78.83112028547151
3.5401000000030463	1.0000014296352204	0.48645800652260873	78.79652184952276
3.5601000000030885	1.0000141602705999	0.48711809979548487	78.74175001280213
3.5801000000031307	1.0000013507030707	0.491014571790249	78.69230494565294
3.600100000003173	1.0000142035169337	0.49644921881129733	78.66981074103725
3.620100000003215	1.000001292883599	0.5042190312799998	78.66774648344276
3.6401000000032573	1.000014377943013	0.5144206745526487	78.66555280871434
3.6601000000032995	1.0000011077168636	0.5241965589854198	78.61969873890904
3.6801000000033417	1.0000143399642198	0.5287822066692135	78.51862423286136
3.700100000003384	1.000001267954752	0.5237695713118646	78.39820077614087
3.720100000003426	1.0000144166245586	0.5068537180062557	78.3332163755032
3.7401000000034683	1.0000009353375954	0.4808388092113996	78.34349759196829
3.7601000000035105	1.0000146565156987	0.45590073877410064	78.36090890963592
3.7801000000035527	1.0000009415795603	0.4463042418449969	78.28241653298754
3.800100000003595	1.0000145916710586	0.46084959614930343	78.12665463661531
3.820100000003637	1.0000008800712934	0.49493493851517306	78.02835476602644
3.8401000000036793	1.0000147966876152	0.5324357319468935	78.08847474494222
3.8601000000037216	1.0000006249049964	0.555658164331428	78.23212763682277
3.8801000000037638	1.0000149504869666	0.5543990862403938	78.31443188335724
3.900100000003806	1.0000006219923079	0.5297207140367951	78.2861333745995
3.920100000003848	1.0000149550340616	0.49387088118434797	78.26042038310237
3.9401000000038904	1.0000005157788738	0.4650444401424537	78.34959031390173
3.9601000000039326	1.0000150567576267	0.4573785690754393	78.52974575017603
3.980100000003975	1.0000004489733905	0.4714882024043262	78.66695014677803
4.000100000004016	1.0000151958679144	0.49484247097800615	78.70792995097483
4.0201000000039695	1.0000003014699617	0.5122880927147824	78.70963645777606
4.040100000003923	1.0000151957925085	0.5170153144261371	78.74342970859627
4.060100000003876	1.0000003504201678	0.5108210287866003	78.79463706819352
4.08010000000383	1.0000152930698516	0.4997966408176565	78.8190704373706
4.100100000003783	1.0000001734461894	0.4917214669543601	78.7987300478194
4.120100000003736	1.0000153774072045	0.49282758003273885	78.77577103800887
4.14010000000369	1.0000001561677754	0.5018511173715899	78.77034714420464
4.160100000003643	1.0000154184861512	0.5109657865675787	78.76119546287264
4.180100000003597	1.0000001144192017	0.5135515288129837	78.7193359601914
4.20010000000355	1.000015431970643	0.510116865977371	78.66945444212266
4.220100000003503	1.0000001299604242	0.5047898748387685	78.63600072419561
4.240100000003457	1.0000153791002497	0.4994563501066082	78.62938644283936
4.26010000000341	1.0000001401627305	0.4930447105872925	78.63300614410011
4.2801000000033635	1.0000154825669578	0.4858896388245935	78.627492603939
4.300100000003317	1.0000000845190653	0.4798581447854786	78.5816933401995
4.32010000000327	1.0000153135939338	0.47719163279315524	78.49678227923353
4.340100000003224	1.0000002913003843	0.4812328877912706	78.4009681280906
4.360100000003177	1.0000153602449813	0.4954413534124006	78.3531328676315
4.3801000000031305	1.0000000915622953	0.5178660108118569	78.36308293928212
4.400100000003084	1.0000154278644342	0.5393865046093975	78.3685358777108
4.420100000003037	1.0000001750000655	0.5475123827020364	78.28344030477116
4.440100000002991	1.0000153286327906	0.5345331676007564	78.13597445633916
4.460100000002944	1.0000002238935992	0.5043390937534763	78.04749030406649
4.480100000002897	1.000015363109028	0.47138209772497713	78.09931292951833
4.500100000002851	1.0000001229207909	0.4510739139738368	78.21481173330162
4.520100000002804	1.0000154229554994	0.4520592998631773	78.26970797323791
4.540100000002758	1.0000001743402425	0.4731542221753733	78.2302811885648
4.560100000002711	1.0000153271432866	0.5037286747095617	78.20100131349608
4.580100000002664	1.0000002481174344	0.5281427435177105	78.272426094956
4.600100000002618	1.000015262503698	0.5344905266431884	78.41697396313755
4.620100000002571	1.000000236398144	0.5227949355772203	78.52100032734275
4.6401000000025245	1.000015385137435	0.5050838602601126	78.55011520823176
4.660100000002478	1.0000002091172688	0.4939688154154488	78.55133493020384
4.680100000002431	1.0000152145122387	0.4923637195449916	78.5703543278405
4.700100000002385	1.0000003430955495	0.4965807123904729	78.59109505069777
4.720100000002338	1.000015269687692	0.5021803953683867	78.59451901915028
4.7401000000022915	1.0000002562443864	0.5037323795017326	78.5796300416321
4.760100000002245	1.0000152418466777	0.49745877980321773	78.57685211620907
4.780100000002198	1.0000003279901788	0.48750681100405535	78.57760541856622
4.800100000002152	1.0000151998835793	0.48316241983930563	78.55271874825645
4.820100000002105	1.0000003880709718	0.48878481336881285	78.5023997672058
4.840100000002058	1.000015108343332	0.49956797098915157	78.47862732849809
4.860100000002012	1.0000004936466254	0.5079476610631382	78.49469019636007
4.880100000001965	1.0000149879358542	0.5112276703676523	78.52644323509614
4.900100000001919	1.0000005517574695	0.5111705524636304	78.53977967028551
4.920100000001872	1.0000149987994162	0.5094629929895169	78.53213913302038
4.940100000001825	1.0000006519647369	0.5081037044976023	78.50691049887952
4.960100000001779	1.0000147364580394	0.5088664926776232	78.47401192538142
4.980100000001732	1.000000838799163	0.5089861178431277	78.43258274359938
5.0001000000016855	1.0000147643236743	0.5027203078157437	78.40939588239596
5.020100000001639	1.0000008014359059	0.48875652943091236	78.41363020932697
5.040100000001592	1.0000146485446073	0.472836690972542	78.41010163658481
5.060100000001546	1.0000009458679935	0.46486242405438455	78.33811215943301
5.080100000001499	1.0000145438127026	0.47255033192757273	78.21842572732523
5.1001000000014525	1.0000010740985936	0.49428996353626403	78.14159008208154
5.120100000001406	1.0000144236185506	0.5194750911570981	78.16955022679343
5.140100000001359	1.0000011432329727	0.5364447468234045	78.24383786826975
5.160100000001313	1.0000143624049227	0.5382546745891713	78.27184607208304
5.180100000001266	1.0000012446943207	0.5245459658756413	78.22657010963248
5.200100000001219	1.0000141996343699	0.5023866409664781	78.1862228650533
5.220100000001173	1.0000014653180067	0.483444973092556	78.21970533331385
5.240100000001126	1.0000139843509648	0.477157614293302	78.30983978198404
5.26010000000108	1.0000015361734598	0.483079511686099	78.37661494679782
5.280100000001033	1.0000140356873566	0.49145521450205065	78.39741184834034
5.300100000000986	1.0000016314987632	0.4945123167619124	78.39263589844882
5.32010000000094	1.000013754128737	0.49412051258199396	78.37863622924165
5.340100000000893	1.0000018233149155	0.49473244078647216	78.35474206276545
5.3601000000008465	1.0000137174819705	0.49815452061846155	78.33878060983265
5.3801000000008	1.0000018818112617	0.506038081985889	78.3433125021616
5.400100000000753	1.0000135831531738	0.5180749909152661	78.3685119117565
5.420100000000707	1.0000020105629885	0.5265848491415065	78.36895312245599
5.44010000000066	1.0000134632271354	0.5223044937676321	78.31991335984392
5.4601000000006135	1.0000021863656268	0.5050080147736535	78.2691742464944
5.480100000000567	1.0000132577438776	0.48527830004073663	78.29345485920386
5.50010000000052	1.0000023702790388	0.4744754822286475	78.37860013588754
5.520100000000474	1.0000131004433712	0.47604122514173325	78.45267439811938
5.540100000000427	1.0000024632414657	0.48635603412032197	78.47133331242986
5.56010000000038	1.000013009508305	0.4997974527927793	78.46607045749637
5.580100000000334	1.0000027019764541	0.5089837834844797	78.4821217558681
5.600100000000287	1.0000127080420678	0.5085058386730099	78.52312409102535
5.620100000000241	1.0000028337397804	0.5012916541513747	78.54450465548962
5.640100000000194	1.0000127089944433	0.4965354587918538	78.54018990956472
5.660100000000147	1.0000029483730097	0.5003395189744608	78.53485617854928
5.680100000000101	1.0000124649263558	0.5112584531365958	78.53111278471492
5.700100000000054	1.0000031182308942	0.5210813055718189	78.4876192487877
5.7201000000000075	1.0000123605793885	0.5211049950342129	78.40207632275016
5.740099999999961	1.0000032940706607	0.5096698258404828	78.33040564748595
5.760099999999914	1.0000121465383882	0.4926729512886798	78.32471920277725
5.780099999999868	1.0000034839229996	0.4776558192345799	78.35817084534833
5.800099999999821	1.000011976500413	0.4709212599379	78.36667474870657
5.8200999999997745	1.0000036361373634	0.475695297456492	78.31770638483498
5.840099999999728	1.0000117866385154	0.4893137265184994	78.2577331825835
5.860099999999681	1.0000039178743476	0.5037263085629303	78.24395078475193
5.880099999999635	1.0000114958152977	0.5116371517479898	78.2789903121826
5.900099999999588	1.0000040730419217	0.5133400839239403	78.3165114503561
5.920099999999541	1.0000114252218542	0.5151343835523523	78.33251247981757
5.940099999999495	1.0000042673543275	0.518969351047623	78.31377091845899
5.960099999999448	1.0000111378480103	0.5193091220286098	78.25659659623528
5.980099999999402	1.0000044593407749	0.5122044671627375	78.18894750619968
6.000099999999355	1.000010981658092	0.4988934218150957	78.16330533146345
6.020099999999308	1.0000046955408275	0.4817507388866724	78.19456965707735
6.040099999999262	1.0000107624589063	0.4655863014915573	78.24247469083781
6.060099999999215	1.0000048305920515	0.46065493015050146	78.23190794195928
6.0800999999991685	1.0000105954620147	0.4748201559420966	78.1570062588172
6.100099999999122	1.000005111969635	0.503410891870467	78.11576421401467
6.120099999999075	1.000010283152159	0.5305254478326656	78.19494817121512
6.140099999999029	1.000005358103181	0.5417780636247628	78.34286637490139
6.160099999998982	1.0000101170581508	0.5338476322487323	78.44458728443644
6.1800999999989354	1.0000054731525563	0.5129431010426575	78.46131484203805
6.200099999998889	1.0000099323537952	0.4892559009839177	78.4644972430155
6.220099999998842	1.0000058026204226	0.47472360368558764	78.53016247178526
6.240099999998796	1.000009646802129	0.47699986363196656	78.64021714399715
6.260099999998749	1.0000058783060715	0.49217908870533	78.70823215207606
6.280099999998702	1.000009597858154	0.5073351172740855	78.70932766367557
6.300099999998656	1.0000061098969275	0.5114077802340556	78.69574879648178
6.320099999998609	1.0000093117656323	0.5028347916658116	78.70089909789289
6.3400999999985626	1.0000062613462926	0.48969235163628605	78.68811916365017
6.360099999998516	1.0000092009697108	0.482145682954203	78.62747831757845
6.380099999998469	1.0000064650626677	0.4847475750113008	78.55109544343176
6.400099999998423	1.0000089593060135	0.4959457066844225	78.51288998751981
6.420099999998376	1.0000066965787258	0.5111668975415629	78.51749628536122
6.4400999999983295	1.0000087326566007	0.5234292918968145	78.51494573385406
6.460099999998283	1.000006885296241	0.5261151959594832	78.46019253698384
6.480099999998236	1.0000085464630857	0.518529585561272	78.37648545537841
6.50009999999819	1.0000071403009727	0.5065440972085447	78.32153067443633
6.520099999998143	1.0000082782478443	0.4961162281511233	78.316581578374
6.540099999998096	1.0000073423700024	0.4873183796873601	78.33788791069348
6.56009999999805	1.00000807875379	0.4776294184066214	78.34957443623415
6.580099999998003	1.000007594005825	0.4698628708322321	78.31134699631104
6.600099999997957	1.0000078828170536	0.4711393969874168	78.2142459392584
6.62009999999791	1.0000077197792703	0.4840141948655757	78.11610345457805
6.640099999997863	1.0000076301282599	0.5049882325166382	78.08991803866492
6.660099999997817	1.000008108029984	0.5284698954135207	78.14272166048607
6.68009999999777	1.0000073616432692	0.5463513885230092	78.19831699592044
6.7000999999977235	1.0000082078312194	0.5473189731356489	78.16876661816465
6.720099999997677	1.000007200440894	0.5255456601389671	78.07285993590001
6.74009999999763	1.000008539236906	0.48954504761570344	78.04447646125237
6.760099999997584	1.0000068217335787	0.4586990535986155	78.16359544102745
6.780099999997537	1.0000088251288932	0.4486890929528014	78.34520186006085
6.8000999999974905	1.0000066652733668	0.46194619232760953	78.45123741887004
6.820099999997444	1.0000089400975414	0.48979745938538316	78.46116329727046
6.840099999997397	1.0000064286536583	0.5188886844568337	78.475190473922
6.860099999997351	1.00000929164131	0.535060994045939	78.5789816228763
6.880099999997304	1.0000061996375909	0.5301344197118579	78.72838195993198
6.900099999997257	1.0000093348073145	0.5090865750766386	78.81359343251762
6.920099999997211	1.0000060853495532	0.48788247191469036	78.8096639849868
6.940099999997164	1.0000096255894215	0.4807854745279774	78.79446278515226
6.960099999997118	1.0000058378506496	0.48979933217153443	78.81102191155063
6.980099999997071	1.0000097285064025	0.505652207345183	78.81625162171902
7.000099999997024	1.0000057157685192	0.5175288585833504	78.76386895687527
7.020099999996978	1.0000099431758702	0.5194548149901508	78.68022271054089
7.040099999996931	1.0000054956505624	0.5103346837019219	78.62474605222721
7.0600999999968845	1.000010152030559	0.4936225776131517	78.6183735815744
7.080099999996838	1.0000052761607923	0.4779097009584974	78.60932022836992
7.100099999996791	1.0000103382304846	0.47211624785183476	78.54579138885666
7.120099999996745	1.0000051193839523	0.47784711930197904	78.446088806134
7.140099999996698	1.000010513943717	0.4893598860307987	78.37367485471671
7.1600999999966515	1.0000049426527489	0.5014661191145818	78.35462124811983
7.180099999996605	1.000010707863013	0.5140023370802412	78.37178577077391
7.200099999996558	1.000004667355098	0.5268551773714989	78.37722412032164
7.220099999996512	1.000010956338797	0.5349912308131453	78.3219054120611
7.240099999996465	1.0000046102356461	0.531934354089471	78.2031825996491
7.260099999996418	1.0000109814092166	0.5163952929189567	78.09588293778778
7.280099999996372	1.0000043248745032	0.4925096314152979	78.07381080388114
7.300099999996325	1.0000114280924128	0.4671545294202614	78.13333969373997
7.320099999996279	1.0000040621819657	0.44958522028433023	78.1802284574332
7.340099999996232	1.0000114791908992	0.4508395480362056	78.13108080699237
7.360099999996185	1.0000039538333512	0.475372274494627	78.02263248786163
7.380099999996139	1.000011770204622	0.5130842807050192	78.00109892337746
7.400099999996092	1.0000035903261908	0.5437100509461746	78.12998958366802
7.4200999999960455	1.000012055267178	0.5521084414033501	78.30831118811862
7.440099999995999	1.0000034520091188	0.537019105588034	78.39896848064872
7.460099999995952	1.0000121450619752	0.5082049188936686	78.40079067770804
7.480099999995906	1.0000032376609058	0.47940827121215235	78.42001408595154
7.500099999995859	1.0000124326281208	0.4643223995497964	78.53430851699105
7.5200999999958125	1.0000030930832524	0.47062914464507954	78.68420335494945
7.540099999995766	1.000012473932316	0.4929379040095271	78.76165296836307
7.560099999995719	1.0000029205614585	0.5139842266547242	78.75257993491789
7.580099999995673	1.0000127462463666	0.5193099650542522	78.74312532787624
7.600099999995626	1.0000027730237226	0.5090444371432036	78.76348106109319
7.620099999995579	1.0000127914907557	0.49371745996223837	78.76667356888687
7.640099999995533	1.0000026446917538	0.48288626983048605	78.71240568874256
7.660099999995486	1.0000129921513574	0.4817677366072627	78.63427976113434
7.68009999999544	1.0000024786408284	0.49179229881708403	78.5871894885191
7.700099999995393	1.000013144395493	0.508957687224385	78.58528911008081
7.720099999995346	1.0000023135250669	0.5233208213223888	78.56909672880283
7.7400999999953	1.0000132788236542	0.5261898354148034	78.49926737746023
7.760099999995253	1.0000022130796675	0.5180891304083831	78.40731865110476
7.7800999999952065	1.0000133608017157	0.5064058683207658	78.35443967389286
7.80009999999516	1.00000214301712	0.4955774043797219	78.34926193162866
7.820099999995113	1.0000135076984698	0.4848653462980712	78.36908078093602
7.840099999995067	1.0000018789432952	0.4746011844031303	78.36700740065929
7.86009999999502	1.0000136804159274	0.46899804167494796	78.30789876241526
7.8800999999949735	1.000001955006912	0.472436104231207	78.19732905461301
7.900099999994927	1.000013623382405	0.4859850766469603	78.10424802133763
7.92009999999488	1.0000017019637613	0.5069093904263106	78.08590645518659
7.940099999994834	1.000014003181923	0.5296396990730816	78.13486177912418
7.960099999994787	1.0000015160654063	0.5459712616835704	78.16293547265693
7.98009999999474	1.0000140113496936	0.545625502897919	78.10122097892395
8.000099999994694	1.0000014767990222	0.5238421404278595	77.98867203443544
8.020099999994647	1.0000141819315926	0.4898146454373966	77.96172324506495
8.0400999999946	1.0000012261341662	0.4621938028221335	78.06851020727773
8.060099999994554	1.0000144016653372	0.4542947194071922	78.21438805780451
8.080099999994507	1.000001118856376	0.46660897510441984	78.28044020118513
8.10009999999446	1.0000144516609022	0.4905976760736769	78.2739537049049
8.120099999994414	1.0000009990031873	0.5150101059217423	78.2849705344706
8.140099999994368	1.0000145891800394	0.5284789789369769	78.37820193424655
8.160099999994321	1.0000009664654537	0.5237536880726873	78.49869892454514
8.180099999994274	1.0000146415899027	0.5055944336296063	78.5590386014766
8.200099999994228	1.0000007654350345	0.49017334368409865	78.55326581556854
8.220099999994181	1.0000148204320989	0.48913791485342734	78.55165176515948
8.240099999994134	1.0000007579083239	0.49881609869649074	78.56090457482236
8.260099999994088	1.0000148046095672	0.5088437579614027	78.5462283807443
8.280099999994041	1.0000006446214107	0.5130660865730876	78.49465694964492
8.300099999993995	1.0000149583765616	0.5092417631192808	78.44652731042787
8.320099999993948	1.0000005527816043	0.4975203974890917	78.43237740800306
8.340099999993901	1.0000150386610367	0.483253378909225	78.44113240740288
8.360099999993855	1.0000004700772371	0.47612690212438064	78.41499325094566
8.380099999993808	1.0000150831803776	0.4816876206812755	78.35072264466066
8.400099999993762	1.0000004487513416	0.4946907798804268	78.30055593028938
8.420099999993715	1.0000150782995747	0.5054056445851739	78.30372914564066
8.440099999993668	1.0000004630255002	0.5106208488647547	78.33114805544477
8.460099999993622	1.0000151666821573	0.5136650139330401	78.35353870998684
8.480099999993575	1.0000002857115715	0.5166540926494128	78.3467887732049
8.500099999993528	1.000015204651116	0.5186102259564979	78.30550283662565
8.520099999993482	1.0000004590897242	0.5172958692608488	78.23409092741589
8.540099999993435	1.0000151180524481	0.5105600507744087	78.17185077630309
8.560099999993389	1.0000002747948344	0.4976524469419448	78.15184080026854
8.580099999993342	1.0000153345363405	0.4805391778635195	78.17711394287129
8.600099999993295	1.0000002253959461	0.4649039142508054	78.18592854334521
8.620099999993249	1.0000153035912573	0.46103958727667377	78.12244038106937
8.640099999993202	1.000000243812199	0.475711629612456	78.01063005631248
8.660099999993156	1.0000153259957876	0.5026379257609439	77.96459948549033
8.680099999993109	1.000000169817819	0.5262922193796317	78.0268804760578
8.700099999993062	1.0000154126913645	0.535809859540941	78.1270795148809
8.720099999993016	1.0000001242716783	0.5302521304516606	78.16916222430008
8.74009999999297	1.000015419057345	0.5147306873913541	78.15229767561014
8.760099999992923	1.0000001285095936	0.49597972632884607	78.1388625665124
8.780099999992876	1.0000153587104585	0.48284379306879444	78.18792318404873
8.80009999999283	1.0000002331174969	0.48269698893858876	78.26715350296315
8.820099999992783	1.0000153995207033	0.49257966792124896	78.31509289705456
8.840099999992736	1.000000051311266	0.4994352628038748	78.32138004611987
8.86009999999269	1.0000154445715412	0.49653249193594534	78.32188131521079
8.880099999992643	1.000000190549564	0.4905963026923095	78.30518847937716
8.900099999992596	1.0000153567397043	0.4900007254550864	78.26790701852121
8.92009999999255	1.0000001352116152	0.4958366645933505	78.23371155882579
8.940099999992503	1.0000154276999091	0.5061814115810178	78.23711350343045
8.960099999992456	1.000000123054536	0.5182183668864574	78.26668511580982
8.98009999999241	1.0000154292085772	0.5257987210076555	78.2818512033573
9.000099999992363	1.0000001432111112	0.5213436219678398	78.24517793844808
9.020099999992317	1.0000153632814757	0.5047428477486945	78.20387140169898
9.04009999999227	1.0000002116669184	0.4868378207030493	78.22376453634412
9.060099999992223	1.0000152860061182	0.4794647431220528	78.30124851493773
9.080099999992177	1.0000002804325636	0.4835750927186179	78.36271233709441
9.10009999999213	1.0000153162163177	0.49183696589906717	78.38307184069154
9.120099999992084	1.0000002285897178	0.49769975024188795	78.3795618083688
9.140099999992037	1.0000152020546675	0.4984197559829026	78.37688117288674
9.16009999999199	1.000000453442859	0.4949043549548008	78.36285565567354
9.180099999991944	1.0000151328738627	0.491631402351834	78.33334463097599
9.200099999991897	1.0000003491963414	0.49406056788941677	78.30284001546175
9.22009999999185	1.0000151559320165	0.5052900797262084	78.29999538509038
9.240099999991804	1.0000004496396742	0.5219083840042128	78.29708554916343
9.260099999991757	1.000015082854223	0.532342598511272	78.24014705934185
9.28009999999171	1.000000509762369	0.526621934665153	78.12784590955984
9.300099999991664	1.0000149836601073	0.5075618339217403	78.05204824129086
9.320099999991617	1.000000608650022	0.48698001115884487	78.0623224631506
9.34009999999157	1.0000149060017696	0.47373000432043894	78.11932445878114
9.360099999991524	1.0000006619609292	0.47041284761972035	78.14307925946936
9.380099999991478	1.0000148646766822	0.47691527321225624	78.11114921571749
9.400099999991431	1.0000007685792314	0.4911028342756775	78.06099175014626
9.420099999991384	1.0000146286231044	0.5058031746558252	78.05802660563229
9.440099999991338	1.000001007750811	0.5127490466015752	78.10023630685627
9.460099999991291	1.00001461010449	0.5126948003460927	78.1451265275114
9.480099999991245	1.00000090451249	0.5142664387181413	78.16527102812904
9.500099999991198	1.0000145278660686	0.5191128838107304	78.15736829907695
9.520099999991151	1.0000011482936189	0.5189229270266599	78.10692541959082
9.540099999991105	1.0000143619748267	0.5087813191752079	78.05176683487957
9.560099999991058	1.000001204911	0.4927154782839967	78.04661229996847
9.580099999991011	1.0000143154307546	0.47693810368880385	78.10544993526956
9.600099999990965	1.0000012636911404	0.46655313534481146	78.17088092100855
9.620099999990918	1.0000142454058254	0.46755416038358777	78.1826604439607
9.640099999990872	1.0000013964072578	0.4840826742514404	78.13856112385946
9.660099999990825	1.0000140626681797	0.5105608617336184	78.1324691791949
9.680099999990778	1.00000155464481	0.5311998053678993	78.22813578202977
9.700099999990732	1.0000139287394436	0.5332955549370678	78.37009410650961
9.720099999990685	1.0000016553736428	0.5187903204384404	78.4514030843086
9.740099999990639	1.0000138987002742	0.4997179640028074	78.46564423174549
9.760099999990592	1.0000017352444235	0.4869620152574906	78.47488746628515
9.780099999990545	1.0000136608353851	0.48589534378419885	78.51911169056133
9.800099999990499	1.0000019648963143	0.4956165189538673	78.55866156128641
9.820099999990452	1.0000136254470098	0.5091305323412127	78.54906910169784
9.840099999990406	1.0000019467282322	0.5159570902911927	78.50133397662213
9.860099999990359	1.0000134829711498	0.5083492328149994	78.47624238293145
9.880099999990312	1.0000021548065916	0.4888792943570065	78.47152372279866
9.900099999990266	1.0000133722319418	0.4717078962037244	78.42192299745933
9.920099999990219	1.0000022503207842	0.4696250765897196	78.30342583429665
9.940099999990172	1.0000131999658226	0.4826755810669884	78.1955375353234
9.960099999990126	1.0000024629216817	0.5020345314046485	78.16264343569844
9.98009999999008	1.0000129858615863	0.5200988875467707	78.18972448550569
