tau	N_greek	x	epsilon
0.0001	1.0000000000000149	0.5000000000000074	4.934396342684428
0.0051	1.0000000000994993	0.49995016803871156	4.934258919067442
0.010099999999999994	1.00000000092404	0.4996286375658498	4.933086926099237
0.015099999999999964	1.0000000030398437	0.4988632733503366	4.932871271439988
0.020099999999999934	1.0000000056063456	0.49763931505487313	4.943393189511106
0.025099999999999904	1.000000007043939	0.49610579580786557	4.976411745316882
0.030099999999999873	1.000000006963658	0.49452590903298516	5.030805732548738
0.03509999999999998	1.0000000066517432	0.49318840277512677	5.084615510877314
0.04010000000000012	1.000000007735514	0.49230998189326713	5.10597628886995
0.045100000000000265	1.0000000101392557	0.49196186734426184	5.075614663790261
0.05010000000000041	1.0000000120697505	0.4920473637872989	5.00086045926013
0.05510000000000055	1.00000001269157	0.4923358026812858	4.909839960024081
0.060100000000000695	1.0000000135185574	0.49254033163384303	4.834227959777778
0.06510000000000084	1.0000000164003533	0.49241466837356185	4.797072614679639
0.07010000000000098	1.0000000207862203	0.4918365663171168	4.811286092395698
0.07510000000000112	1.0000000241329539	0.4908507927139765	4.880018935764123
0.08010000000000127	1.0000000253328076	0.4896553460783001	4.990898088192232
0.08510000000000141	1.0000000262914432	0.4885356636435237	5.110200526161588
0.09010000000000155	1.0000000297348481	0.4877702167655516	5.190571919735212
0.0951000000000017	1.0000000358656904	0.48753770537050806	5.194559125542124
0.10010000000000184	1.0000000417713562	0.4878567451896438	5.117752152001532
0.10510000000000198	1.000000044945139	0.48857939876615397	4.991901951710362
0.11010000000000213	1.0000000462889158	0.48944193524258894	4.865671831762389
0.11510000000000227	1.000000048522979	0.49015623256798246	4.780118924908175
0.12010000000000241	1.000000052652829	0.49050846846898427	4.756585507877909
0.12510000000000254	1.0000000568899592	0.4904312600559187	4.798050489583666
0.130100000000002	1.000000059344929	0.4900261254475518	4.892443040235225
0.13510000000000144	1.0000000609708217	0.48952722972670465	5.011868083345134
0.1401000000000009	1.0000000646637077	0.4892191135101874	5.115212123260504
0.14510000000000034	1.0000000715044333	0.4893368200550837	5.163024573885105
0.1500999999999998	1.000000078958176	0.48998420804605	5.139062354086843
0.15509999999999924	1.0000000836832896	0.4910991101512518	5.060579278084967
0.1600999999999987	1.000000085492334	0.4924742352242255	4.966524837274188
0.16509999999999814	1.0000000873385506	0.49382694356343765	4.893128475030279
0.1700999999999976	1.0000000916353045	0.4948948375144541	4.857331229049485
0.17509999999999704	1.0000000972998604	0.4955244697236377	4.858164170531538
0.18009999999999649	1.0000001013399105	0.4957229936642458	4.88726629758712
0.18509999999999593	1.0000001030695966	0.4956547954294427	4.934160711585084
0.19009999999999538	1.0000001050776235	0.49558568264479397	4.984100187536759
0.19509999999999483	1.0000001096844107	0.4957935428215739	5.018777661197828
0.20009999999999428	1.0000001156977976	0.4964730432859244	5.026389313455399
0.20509999999999373	1.0000001199034934	0.4976670919810345	5.012531955525543
0.21009999999999318	1.0000001212855287	0.49924937761341837	4.997552805529056
0.21509999999999263	1.0000001221990267	0.5009644979231188	4.998970105301992
0.22009999999999208	1.0000001256752407	0.5025124636893464	5.015111694094608
0.22509999999999153	1.000000132003896	0.5036476715504432	5.026683138049997
0.23009999999999098	1.0000001381930779	0.5042607395757694	5.014676077420717
0.23509999999999043	1.0000001415191808	0.5044149868348355	4.9764812462699455
0.24009999999998988	1.0000001426085474	0.5043229610530449	4.925862652189007
0.24509999999998933	1.0000001439644333	0.5042715238725685	4.881033461984397
0.2500999999999888	1.0000001465859132	0.5045216251810186	4.855819660609991
0.2550999999999882	1.0000001491178196	0.5052187523925873	4.860265398176792
0.2600999999999877	1.0000001502366618	0.5063438479800747	4.902214136261611
0.2650999999999871	1.0000001506405578	0.5077197717598361	4.9805350559408685
0.2700999999999866	1.0000001522668334	0.5090723096169661	5.074879016068998
0.275099999999986	1.0000001559077007	0.5101243268033475	5.147033242685012
0.28009999999998547	1.0000001599510977	0.5106894985010009	5.159999521948462
0.2850999999999849	1.0000001622766934	0.5107339122224862	5.101686113491189
0.29009999999998437	1.0000001628727828	0.51038526315716	4.993156449272861
0.2950999999999838	1.0000001632408804	0.5098886933793052	4.875422547556475
0.30009999999998327	1.0000001641035985	0.5095230579339312	4.788064619118034
0.3050999999999827	1.0000001647259558	0.5095044188665976	4.756442161942057
0.31009999999998217	1.0000001644675083	0.5099112637519165	4.790303523442562
0.3150999999999816	1.0000001640001783	0.510656416795714	4.884066027715622
0.32009999999998107	1.0000001642702128	0.5115152209980404	5.013161581107174
0.3250999999999805	1.0000001649972539	0.5122002277717269	5.134218033395005
0.33009999999997997	1.0000001647220165	0.5124578874916795	5.199565973031906
0.3350999999999794	1.0000001626188826	0.512156494321913	5.182247505055435
0.34009999999997886	1.0000001600036332	0.5113333981331797	5.092637417249157
0.3450999999999783	1.0000001587778813	0.5101837768601774	4.971572704982882
0.35009999999997776	1.0000001590431429	0.5089954123342999	4.865610177454758
0.3550999999999772	1.0000001591853687	0.5080517360747085	4.805156127922559
0.36009999999997666	1.0000001579101407	0.5075366084186859	4.799522763499742
0.3650999999999761	1.000000155825114	0.5074724207835446	4.843801725597778
0.37009999999997556	1.000000154360314	0.5077130528424483	4.9236897277082585
0.375099999999975	1.0000001534161262	0.5079959434098898	5.014487479598621
0.38009999999997446	1.0000001512299435	0.5080332836289313	5.083895134182132
0.3850999999999739	1.0000001466537634	0.5076101690654903	5.105924536614247
0.39009999999997336	1.0000001411520416	0.5066568928226288	5.077575385216344
0.3950999999999728	1.0000001374555598	0.505271689793363	5.021512443091943
0.40009999999997226	1.0000001362224453	0.5036876673919233	4.9694218067599145
0.4050999999999717	1.0000001353569008	0.5021936496064476	4.940189713017243
0.41009999999997115	1.0000001326736494	0.5010366742761305	4.932110217135852
0.4150999999999706	1.000000128585125	0.5003406167976964	4.932996383544354
0.42009999999997005	1.0000001254301036	0.5000666811765478	4.934268231827432
0.4250999999999695	1.000000123921891	0.5000283829004066	4.934697894063078
0.43009999999996895	1.0000001219228885	0.4999560335381353	4.934778593539959
0.4350999999999684	1.0000001173718098	0.49959028101996106	4.933651776006063
0.44009999999996785	1.0000001112790535	0.49877386707324806	4.93404458074812
0.4450999999999673	1.000000106658852	0.49750800910616655	4.946476756193835
0.45009999999996675	1.0000001046997231	0.4959544016584202	4.982049907121167
0.4550999999999662	1.0000001031958163	0.4943829085109009	5.037478893259958
0.46009999999996565	1.000000099085916	0.49308125603579017	5.0888714800113535
0.4650999999999651	1.0000000921929257	0.49225733116019244	5.104657886631584
0.47009999999996455	1.0000000857507603	0.49196710673263355	5.068241891343027
0.475099999999964	1.0000000824016153	0.4920951964927957	4.990049269386528
0.48009999999996344	1.000000080951751	0.492395573974633	4.899561810698252
0.4850999999999629	1.0000000781963354	0.4925760956975379	4.827751425771962
0.49009999999996234	1.0000000730656258	0.49239850938084084	4.796253717194698
0.4950999999999618	1.0000000678543977	0.49176018154107687	4.8168664815745
0.5000999999999612	1.0000000650737721	0.4907296861706842	4.891434193614796
0.5050999999999607	1.0000000640039628	0.48952400929231493	5.005327688680922
0.5100999999999601	1.000000061279589	0.48843457827304293	5.122467288240383
0.5150999999999596	1.0000000548594827	0.48772959707396646	5.195254509833043
0.520099999999959	1.0000000469145038	0.48756603069468896	5.1892258937434566
0.5250999999999585	1.000000041428995	0.48793854349046334	5.104565522361662
0.5300999999999579	1.000000039363974	0.4886825943672002	4.97619319088414
0.5350999999999574	1.0000000380794416	0.4895306076542708	4.852920906285939
0.5400999999999568	1.000000035090393	0.49020307135308927	4.7738452733268115
0.5450999999999563	1.0000000308791346	0.4905032919079318	4.758062361048624
0.5500999999999557	1.000000027661571	0.4903826029976079	4.806734610674614
0.5550999999999552	1.0000000261658955	0.48995639264542334	4.905950137753088
0.5600999999999546	1.000000024767688	0.4894650163620658	5.0258910439456255
0.5650999999999541	1.0000000216962364	0.48919105640888794	5.1246223073503065
0.5700999999999535	1.0000000175119148	0.48936084714681616	5.164289858718712
0.575099999999953	1.0000000144649996	0.49006439360440496	5.132338292567082
0.5800999999999524	1.0000000134493603	0.4912232116264781	5.049571217979589
0.5850999999999519	1.000000013000795	0.49261626955380083	4.956047314935518
0.5900999999999513	1.0000000112968284	0.49395423567937086	4.886399363094511
0.5950999999999508	1.000000008267516	0.49497840500462903	4.855104581900131
0.6000999999999502	1.0000000055389537	0.49554990148169425	4.859756948356625
0.6050999999999497	1.0000000042107844	0.4956973280621791	4.891709438850622
0.6100999999999491	1.0000000036607875	0.4956059629284517	4.9401869252639194
0.6150999999999486	1.0000000028817468	0.4955526540766632	4.989695033072255
0.620099999999948	1.0000000021838225	0.49581097558941173	5.021816070476983
0.6250999999999475	1.0000000028005422	0.4965576629654947	5.026274812019638
0.6300999999999469	1.0000000047650552	0.49781100946187024	5.010939897750362
0.6350999999999464	1.0000000063429806	0.49942336565871936	4.996983186900569
0.6400999999999458	1.000000006007797	0.501129594909226	5.0003269651613005
0.6450999999999453	1.0000000041143136	0.5026348966447871	5.01682658672654
0.6500999999999447	1.00000000257941	0.5037111742723039	5.02628325849079
0.6550999999999442	1.0000000026574918	0.504270501013011	5.0110694173407575
0.6600999999999436	1.0000000035709535	0.5043934077417955	4.970708551108127
0.6650999999999431	1.0000000042075627	0.5043006937198821	4.920019187993766
0.6700999999999425	1.0000000049572857	0.5042772111406224	4.8769399748329345
0.675099999999942	1.0000000069536146	0.5045738388506148	4.8547409000919854
0.6800999999999414	1.0000000101191042	0.5053212057325215	4.863242238826653
0.6850999999999409	1.0000000128082318	0.5064848672454392	4.9097233201714365
0.6900999999999403	1.0000000138993723	0.5078757838385642	4.991280464477136
0.6950999999999398	1.0000000143403838	0.5092135255454123	5.0851362598073155
0.7000999999999392	1.0000000161492733	0.5102227821833342	5.151974822702991
0.7050999999999387	1.0000000199932753	0.5107281661511519	5.15654870948549
0.7100999999999381	1.0000000240870903	0.5107138684502571	5.0906401306717415
0.7150999999999376	1.0000000264509996	0.5103274921645432	4.978734638948003
0.720099999999937	1.0000000276366672	0.5098277012824225	4.862776442945297
0.7250999999999365	1.000000029797696	0.5094946946109509	4.781016354260443
0.7300999999999359	1.0000000337113424	0.5095322227840304	4.756866173757336
0.7350999999999354	1.000000037716109	0.5099961924973101	4.798405454603224
0.7400999999999348	1.0000000399556952	0.5107754989782417	4.898147740232944
0.7450999999999343	1.0000000411724528	0.5116300901958253	5.029058196591915
0.7500999999999337	1.0000000443618344	0.5122723703830956	5.146061150327001
0.7550999999999332	1.0000000511499807	0.5124636459338868	5.202521969905225
0.7600999999999326	1.000000059114279	0.5120948190507966	5.175410594742679
0.7650999999999321	1.0000000642670062	0.5112247868608332	5.079525950546597
0.7700999999999315	1.0000000659475021	0.5100614684653269	4.957784310262551
0.775099999999931	1.0000000672751295	0.5088927191846108	4.85576539070509
0.7800999999999304	1.0000000710885595	0.5079910599277864	4.801452271185806
0.7850999999999299	1.0000000766750936	0.5075234113356508	4.802124576214714
0.7900999999999293	1.0000000810372347	0.5074956883549593	4.851575340623778
0.7950999999999288	1.0000000830083744	0.5077500722748736	4.934264949510551
0.8000999999999282	1.0000000848559776	0.5080186580662198	5.024268456619008
0.8050999999999277	1.0000000894308496	0.5080159592951893	5.08916629406814
0.8100999999999271	1.0000000964167943	0.507536787598127	5.1049003165673605
0.8150999999999265	1.0000001024316847	0.5065267193310905	5.071677243225893
0.820099999999926	1.0000001052782448	0.5051011054145906	5.014391009857571
0.8250999999999254	1.00000010655263	0.5035065155788715	4.964324701927678
0.8300999999999249	1.0000001094551647	0.502036853660478	4.937988818684306
0.8350999999999243	1.0000001149438051	0.5009321920309996	4.931627631338507
0.8400999999999238	1.000000120714243	0.5002978507047326	4.93286126900716
0.8450999999999232	1.000000124191389	0.5000715579414228	4.934115256416101
0.8500999999999227	1.0000001256964595	0.5000477952207047	4.9347327250094
0.8550999999999221	1.0000001276770392	0.49995062341015206	4.934924425562103
0.8600999999999216	1.00000013131842	0.49952999849761465	4.933781164880157
0.865099999999921	1.0000001350229328	0.498649641271756	4.934913324725864
0.8700999999999205	1.0000001368635263	0.49733547780810805	4.949624727891898
0.8750999999999199	1.0000001374834424	0.4957673324076221	4.988103594061224
0.8800999999999194	1.000000139464848	0.4942195543814234	5.04457494997626
0.8850999999999188	1.0000001440926323	0.492970323772175	5.093254043445644
0.8900999999999183	1.000000149546861	0.4922089581681869	5.103265812282213
0.8950999999999177	1.000000153118275	0.49197187104249396	5.060948688324666
0.9000999999999172	1.0000001544869694	0.49212920691218226	4.979643620667025
0.9050999999999166	1.0000001554394036	0.4924289516070826	4.889883289625953
0.9100999999999161	1.0000001572251656	0.49258247840236624	4.8219140557276665
0.9150999999999155	1.000000159127813	0.49236212471276186	4.796117657848777
0.920099999999915	1.000000159786441	0.49167963101021167	4.823136251504765
0.9250999999999144	1.0000001593583765	0.4906183651902469	4.903252747492208
0.9300999999999139	1.0000001594763044	0.48940719318187414	5.019492082482236
0.9350999999999133	1.0000001612674065	0.4883433665556347	5.133693796470069
0.9400999999999128	1.0000001638245968	0.48769115997511114	5.198413422462091
0.9450999999999122	1.0000001651415573	0.4875933791538417	5.18238816686332
0.9500999999999117	1.0000001647876555	0.4880243887082837	5.090365278080157
0.9550999999999111	1.0000001641249732	0.48879999079980824	4.960244474261101
0.9600999999999106	1.0000001641708274	0.48964166851731933	4.840694104132001
0.96509999999991	1.0000001645647594	0.49027274754368616	4.768563954008975
0.9700999999999095	1.000000164368426	0.4905133003287312	4.760596284294084
0.9750999999999089	1.0000001634687994	0.49033952603299136	4.81622801080978
0.9800999999999084	1.0000001627229724	0.48988894627751456	4.91980552990086
0.9850999999999078	1.0000001623657728	0.4894123062550118	5.039619230464203
0.9900999999999073	1.0000001611910387	0.48918722930965175	5.133077989046119
0.9950999999999067	1.0000001579865556	0.48942248060299703	5.164323182796842
1.0000999999999063	1.0000001536674996	0.4901856240698689	5.124777626112679
1.0050999999999057	1.000000150623732	0.49137914772922453	5.03857914022002
1.0100999999999052	1.0000001496759547	0.4927731960773168	4.946332955596389
1.0150999999999046	1.0000001491967958	0.4940817530269693	4.880739643768629
1.020099999999904	1.0000001473753595	0.4950581074440376	4.853935413696771
1.0250999999999035	1.0000001444367985	0.4955792873884407	4.862293693365055
1.030099999999903	1.0000001421785132	0.4956890633283386	4.896851786152539
1.0350999999999024	1.0000001411893182	0.49558388775920464	4.946435536021574
1.0400999999999019	1.0000001395493274	0.4955454177690957	4.994958272570897
1.0450999999999013	1.0000001350110228	0.495843698255652	5.0242131238898375
1.0500999999999008	1.000000128259479	0.49664422783664847	5.025571013460194
1.0550999999999002	1.00000012269778	0.4979487008638266	5.0089726633789455
1.0600999999998997	1.0000001203855349	0.4995915643681401	4.996151322764037
1.0650999999998991	1.0000001196707426	0.5012948531178302	5.001338010123878
1.0700999999998986	1.000000117304614	0.5027617604796045	5.017985819745976
1.075099999999898	1.000000112084532	0.503775839553816	5.02514815934799
1.0800999999998975	1.0000001062644277	0.5042711150863411	5.006768603686394
1.085099999999897	1.0000001026858718	0.5043514563656356	4.964594709357465
1.0900999999998964	1.0000001010840274	0.5042533370548025	4.914358230622397
1.0950999999998958	1.0000000986137427	0.5042629813683298	4.8734578660902
1.1000999999998953	1.0000000937235896	0.5046175032099449	4.854492810520354
1.1050999999998947	1.000000088255015	0.5054243719828019	4.867130616074498
1.1100999999998942	1.0000000849570987	0.5066260191461857	4.918077371618385
1.1150999999998936	1.0000000835714264	0.5080199541335081	5.002473231245999
1.120099999999893	1.0000000809352882	0.5093259689152189	5.095089933129234
1.1250999999998925	1.0000000749033686	0.5102805256911526	5.155916443629824
1.130099999999892	1.0000000672095042	0.5107264057810512	5.151978775528067
1.1350999999998914	1.0000000614859448	0.5106656027052492	5.079012262710532
1.1400999999998909	1.0000000589176004	0.5102579719345145	4.96451002919908
1.1450999999998903	1.0000000572603736	0.5097661296615368	4.850932616039552
1.1500999999998898	1.0000000540528446	0.509465733545774	4.775111942471719
1.1550999999998892	1.0000000495994679	0.5095499258050444	4.758553406846639
1.1600999999998887	1.0000000461657819	0.5100599850079426	4.807569827928245
1.1650999999998881	1.0000000445899986	0.5108690143547034	4.912660705054806
1.1700999999998876	1.000000042883527	0.5117246875018376	5.044481119635839
1.175099999999887	1.000000038584984	0.5123352440130525	5.156640996015893
1.1800999999998865	1.0000000321882108	0.5124692418632211	5.203863808003883
1.185099999999886	1.0000000269157445	0.512034869053796	5.1671303606471195
1.1900999999998854	1.0000000246879115	0.5111128766086482	5.06553840999792
1.1950999999998848	1.000000024017252	0.5099300143910162	4.943820489929092
1.2000999999998843	1.0000000221469063	0.5087814101265304	4.846268076243446
1.2050999999998837	1.0000000182320865	0.5079313342013669	4.798278487051485
1.2100999999998832	1.0000000142012218	0.5075257606737261	4.805210453742313
1.2150999999998826	1.000000012151794	0.5075455438715976	4.859765307311551
1.220099999999882	1.0000000116800865	0.5078143564999212	4.945186338389667
1.2250999999998815	1.0000000107274445	0.5080589019317866	5.03420995632118
1.230099999999881	1.0000000085233738	0.5080027561967457	5.094366799162076
1.2350999999998804	1.000000006575723	0.5074601783136194	5.103805576225716
1.2400999999998799	1.0000000062727197	0.5063980889973678	5.066026665973168
1.2450999999998793	1.0000000067866022	0.5049472790482529	5.007827432861322
1.2500999999998788	1.0000000063559584	0.5033593444601607	4.959716879116194
1.2550999999998782	1.0000000043791186	0.5019230936142095	4.935891179887114
1.2600999999998777	1.0000000019261546	0.5008668813565953	4.930940605711154
1.265099999999877	1.0000000004184597	0.5002808493794997	4.932509378985743
1.2700999999998765	1.0000000000294933	0.5000879777165008	4.933880520309468
1.275099999999876	1.0000000000304083	0.5000721367403278	4.9347708324092725
1.2800999999998754	1.0000000003358596	0.4999535664549326	4.935127338616998
1.285099999999875	1.000000001710011	0.49948706478067273	4.934081607121673
1.2900999999998743	1.0000000042875414	0.4985493494794238	4.93606188716471
1.2950999999998738	1.0000000066817862	0.49718510714667413	4.952990174670014
1.3000999999998732	1.0000000075199906	0.4955930429224625	4.994082578346644
1.3050999999998727	1.0000000071445223	0.4940583686085553	5.051167825217123
1.3100999999998721	1.0000000073003303	0.49285677059966804	5.096735165525147
1.3150999999998716	1.0000000091421155	0.4921615043072757	5.100799975086497
1.320099999999871	1.0000000117000165	0.4919850780579258	5.052788291434756
1.3250999999998705	1.0000000132048976	0.49217541496640793	4.968896837289953
1.33009999999987	1.0000000137048044	0.4924686999578527	4.880410639037901
1.3350999999998694	1.0000000151293673	0.49258024896761304	4.816591154843457
1.3400999999998688	1.0000000187404843	0.4923003782968436	4.79660746907147
1.3450999999998683	1.0000000231110306	0.49156450315941497	4.8301250319552
1.3500999999998677	1.0000000257620858	0.4904758941708977	4.915822645328383
1.3550999999998672	1.0000000265853162	0.48927241275576955	5.034153274528168
1.3600999999998666	1.0000000282118706	0.48824781633910513	5.144892821522545
1.365099999999866	1.0000000328497485	0.4876532318350551	5.201145110785656
1.3700999999998655	1.0000000393680006	0.4876136489462599	5.175182280001475
1.375099999999865	1.0000000444172985	0.4880874725290164	5.07618480100357
1.3800999999998644	1.0000000466497752	0.48888043798319436	4.944638549543474
1.3850999999998639	1.0000000480642843	0.4897113100983204	4.82889580304926
1.3900999999998633	1.0000000510900058	0.4903081387237198	4.763688858357679
1.3950999999998628	1.0000000555916067	0.49050215235599914	4.763503063387845
1.4000999999998622	1.0000000593116882	0.49028558687626733	4.825944047298864
1.4050999999998617	1.0000000611794762	0.48981260432852325	4.93352023141177
1.4100999999998611	1.0000000632127608	0.4893452357267043	5.052742342144323
1.4150999999998606	1.0000000681413221	0.489162562209375	5.140590304547884
1.42009999999986	1.0000000756664855	0.4894627728759025	5.163354740280774
1.4250999999998595	1.000000082387143	0.4902931780299774	5.116467960787382
1.430099999999859	1.000000085858664	0.49153331375219894	5.027318131238777
1.4350999999998584	1.0000000873248263	0.49293676222561966	4.936844164953986
1.4400999999998578	1.0000000899682904	0.4942154010578188	4.875572414035076
1.4450999999998573	1.0000000950551935	0.49513583903532904	4.853251661098326
1.4500999999998567	1.0000001004620085	0.4955981136147337	4.865211905423502
1.4550999999998562	1.0000001035730466	0.49566956150333824	4.902297326283235
1.4600999999998556	1.0000001049618816	0.495561264576961	4.952828230602818
1.465099999999855	1.000000107689871	0.49555568010424894	5.000037563376409
1.4700999999998545	1.0000001131177152	0.4959101921949692	5.026150822447555
1.475099999999854	1.0000001188531382	0.49677018038608967	5.024523439924388
1.4800999999998534	1.0000001219426113	0.49811836940742715	5.007146983682867
1.4850999999998529	1.0000001227148605	0.49977707578918246	4.99589047780981
1.4900999999998523	1.0000001242495475	0.5014654238972043	5.0029660681208155
1.4950999999998518	1.0000001288539964	0.502892394856173	5.01954334740019
1.5000999999998512	1.0000001354615395	0.5038535830192696	5.02423173052263
1.5050999999998507	1.0000001407408678	0.5042983610490046	5.002615917555953
1.5100999999998501	1.0000001430522623	0.5043451511005176	4.958524601203967
1.5150999999998496	1.000000143981731	0.5042405788801055	4.908563430101315
1.520099999999849	1.000000145782426	0.5042738891761632	4.86973026235308
1.5250999999998485	1.0000001484931884	0.5046754228426457	4.854038420865418
1.530099999999848	1.000000150453106	0.5055366451868322	4.870902218019764
1.5350999999998474	1.0000001510515422	0.5067790773408579	4.926297728478041
1.5400999999998468	1.0000001516881418	0.5081822184223352	5.013341447671628
1.5450999999998463	1.0000001540479333	0.509458882093575	5.10439337553745
1.5500999999998457	1.0000001579836484	0.5103527731015968	5.158902650154792
1.5550999999998452	1.0000001614457203	0.5107263862263703	5.146426887351454
1.5600999999998446	1.0000001629828588	0.5106066807639688	5.066831528099093
1.565099999999844	1.0000001632852678	0.5101733502522064	4.950474327195338
1.5700999999998435	1.0000001637670166	0.5096956184189938	4.839944785253087
1.575099999999843	1.0000001645963037	0.5094399676041357	4.770402720309113
1.5800999999998424	1.0000001648326873	0.5095794708312056	4.761504496688265
1.5850999999998419	1.0000001642445673	0.5101333162343198	4.817886811166953
1.5900999999998413	1.0000001638861085	0.5109582388213353	4.927913744908087
1.5950999999998408	1.0000001644427408	0.5117964772889747	5.059840181535826
1.6000999999998402	1.0000001650017711	0.5123623189140544	5.166276562821217
1.6050999999998397	1.0000001639528047	0.5124382060519632	5.2038686227767945
1.610099999999839	1.0000001612789708	0.5119489391523794	5.157848429281796
1.6150999999998386	1.0000001589142586	0.5109894016631831	5.0512988119772135
1.620099999999838	1.000000158274716	0.5097954931342413	4.930291736158387
1.6250999999998375	1.0000001586697187	0.5086648988404143	4.83762074952935
1.630099999999837	1.000000158342959	0.5078562411046793	4.796111036681467
1.6350999999998364	1.000000156580218	0.5075023925592007	4.809181477301108
1.6400999999998358	1.0000001545597923	0.5075663919516081	4.868387047639761
1.6450999999998352	1.0000001533856333	0.5078549572760263	4.955849817737674
1.6500999999998347	1.0000001521704571	0.5080849381782175	5.0432304966573165
1.6550999999998341	1.0000001490198176	0.5079815595783612	5.098265327472109
1.6600999999998336	1.0000001437226012	0.5073738383300046	5.101435552908483
1.665099999999833	1.000000138601866	0.5062519954537058	5.059518961310533
1.6700999999998325	1.0000001358894477	0.504769264436571	5.001025527933271
1.675099999999832	1.0000001350440306	0.5031894472516221	4.955358603000122
1.6800999999998314	1.0000001336093995	0.5017979028603706	4.934176953260657
1.6850999999998308	1.000000130171521	0.5008057172019375	4.930540293295452
1.6900999999998303	1.0000001260771811	0.500279044413923	4.932424880253731
1.6950999999998297	1.0000001235118214	0.5001194538866796	4.934061060577415
1.7000999999998292	1.0000001221565835	0.5001006724796818	4.935339433819032
1.7050999999998286	1.0000001193743449	0.4999467883690369	4.93582120046494
1.710099999999828	1.0000001139295331	0.49942733299573117	4.9348463723083436
1.7150999999998275	1.0000001079740564	0.498437995780136	4.937811553382883
1.720099999999827	1.0000001043855	0.4970397548125963	4.9570495712343146
1.7250999999998264	1.0000001030145733	0.49544124428751696	5.000459217260367
1.7300999999998259	1.000000100826199	0.4939291818393945	5.057492489632061
1.7350999999998253	1.0000000954510413	0.4927726168476169	5.099348689170566
1.7400999999998248	1.000000088198316	0.4921324576674731	5.097315716274703
1.7450999999998242	1.0000000826903799	0.4920058700344665	5.043895596231746
1.7500999999998237	1.0000000803582147	0.49222607475667757	4.957897456988907
1.7550999999998231	1.0000000788277905	0.49251908755797214	4.871178869124817
1.7600999999998226	1.000000075183645	0.49259880054114524	4.811918156501159
1.765099999999822	1.0000000696554046	0.4922656796108004	4.797937518829675
1.7700999999998215	1.0000000651508634	0.491474442993524	4.837798733872226
1.775099999999821	1.0000000632338684	0.4903501732916508	4.928578681086031
1.7800999999998204	1.0000000619451155	0.4891466983050412	5.04829140632037
1.7850999999998198	1.00000005796591	0.4881607250169021	5.154860494502375
1.7900999999998193	1.0000000506805942	0.48763147458861017	5.202234356871917
1.7950999999998187	1.0000000433144194	0.4876609521360441	5.16651492981449
1.8000999999998182	1.0000000391651453	0.4881828703804991	5.061336438522359
1.8050999999998176	1.0000000377652696	0.48898730029748455	4.929372305651007
1.810099999999817	1.0000000360749044	0.4897918918797561	4.818152881295353
1.8150999999998165	1.0000000324676122	0.4903376046436636	4.760133056055703
1.820099999999816	1.0000000284078914	0.4904764094086378	4.767724270975004
1.8250999999998154	1.0000000259530837	0.4902208906592516	4.836812908049419
1.8300999999998149	1.0000000248367062	0.4897384162671223	4.947957095760593
1.8350999999998143	1.000000022968304	0.4892931067406974	5.065887850378366
1.8400999999998138	1.0000000193365437	0.48915618841149483	5.147515401197062
1.8450999999998132	1.000000015437605	0.48951224997464166	5.161677076483962
1.8500999999998127	1.000000013277915	0.4903932162617709	5.107781361447124
1.8550999999998121	1.000000012745624	0.4916650766422035	5.016059384411139
1.8600999999998116	1.0000000119944756	0.49307244005103235	4.927484057458015
1.865099999999811	1.0000000097205162	0.4943256235297798	4.870450847652505
1.8700999999998105	1.000000006654913	0.4951988378493622	4.8524924292578095
1.87509999999981	1.000000004506322	0.49560723605593143	4.867958482372948
1.8800999999998094	1.000000003686963	0.49563724436339474	4.907490583716578
1.8850999999998088	1.0000000031441874	0.4955167929663467	4.958930332070432
1.8900999999998083	1.0000000022767905	0.4955358407712381	5.004862187483138
1.8950999999998077	1.0000000019856035	0.4959456672220229	5.0279282900420235
1.9000999999998072	1.000000003283255	0.49687254165686745	5.023446603774436
1.9050999999998066	1.0000000053918934	0.49827462341214585	5.00543439843984
1.910099999999806	1.0000000064493482	0.4999543482412075	4.995780652683934
1.9150999999998055	1.0000000055345797	0.5016233592048155	5.004533075593897
1.920099999999805	1.0000000036304582	0.5029987933320255	5.020653519666876
1.9250999999998044	1.0000000026767233	0.5038963901464847	5.022662611482407
1.9300999999998039	1.000000003273666	0.5042892707973194	4.998055241285286
1.9350999999998033	1.000000004206473	0.5043136929930971	4.952579048798354
1.9400999999998028	1.0000000047762807	0.5042216100282557	4.903314913006098
1.9450999999998022	1.0000000059117764	0.5042952938300055	4.86671528537902
1.9500999999998017	1.0000000085653595	0.5047499494921646	4.8543869536958875
1.955099999999801	1.0000000118884915	0.5056593001980411	4.875581799893971
1.9600999999998006	1.0000000140504366	0.5069301516851605	4.935333005690445
1.9650999999998	1.000000014680044	0.508333621627624	5.024548661503107
1.9700999999997995	1.0000000154502384	0.5095822563734657	5.113374273057788
1.975099999999799	1.0000000181554922	0.5104270236667985	5.16113056250622
1.9800999999997984	1.0000000224831753	0.5107432567434763	5.1400913993133415
1.9850999999997978	1.0000000261448059	0.5105743673153519	5.054102044596079
1.9900999999997973	1.000000027900652	0.5101157042477635	4.93616870203964
1.9950999999997967	1.0000000292172302	0.5096456843878016	4.828919063820279
2.0000999999997964	1.0000000321513982	0.5094289000141035	4.765813069033972
2.005099999999807	1.0000000364745547	0.5096243451107274	4.7646208899439655
2.0100999999998175	1.000000039978772	0.5102295645266165	4.828295599551013
2.015099999999828	1.0000000415831063	0.5110797100597901	4.943090798627919
2.0200999999998386	1.0000000431680502	0.5119040638317786	5.074870502631575
2.025099999999849	1.0000000476825848	0.5124190629369155	5.175297697419967
2.0300999999998597	1.0000000553890502	0.512423955335854	5.203142180349228
2.0350999999998702	1.000000062801297	0.5118682065489238	5.148106878133018
2.040099999999881	1.0000000666437219	0.5108687780910488	5.037186609022884
2.0450999999998913	1.0000000677497503	0.5096723384627271	4.917409445298056
2.050099999999902	1.0000000697128584	0.5085733028194683	4.829791189184921
2.0550999999999124	1.0000000744110447	0.5078150800149138	4.794696657677184
2.060099999999923	1.0000000799372157	0.5075100119991202	4.813847124727721
2.0650999999999335	1.0000000833972706	0.5076033606863549	4.877615451717887
2.070099999999944	1.0000000849430275	0.5078921794619727	4.966778906376296
2.0750999999999546	1.0000000875701391	0.5080935902395488	5.051959184739947
2.080099999999965	1.0000000932429027	0.5079409915644997	5.101485120310588
2.0850999999999758	1.0000001002188055	0.5072764955821037	5.098461251792969
2.0900999999999863	1.000000105087455	0.5061057281434349	5.052800255524771
2.095099999999997	1.000000106998743	0.504595703094388	4.994367246208687
2.1001000000000074	1.000000108537907	0.5030186772950058	4.951284981927651
2.105100000000018	1.0000001124550109	0.5016600541592386	4.932730176634022
2.1101000000000285	1.0000001184039868	0.5007211759209589	4.930302887486326
2.115100000000039	1.0000001234878615	0.5002506173101691	4.932315948000828
2.1201000000000496	1.0000001260237836	0.5001291571332402	4.933977194338458
2.12510000000006	1.0000001274254988	0.5001146140837653	4.935429032081416
2.1301000000000707	1.0000001300044836	0.4999276898337221	4.93590627902749
2.1351000000000813	1.0000001338380025	0.4993492185298134	4.935007623056355
2.140100000000092	1.000000136895117	0.49829717023028913	4.939161474773585
2.1451000000001024	1.0000001380515562	0.4968567939010377	4.961069148531637
2.150100000000113	1.0000001388354696	0.495253308430408	5.007069323108069
2.1551000000001235	1.0000001417196525	0.49377587274551754	5.0640078887695426
2.160100000000134	1.000000146963124	0.4926806237866361	5.101903624430728
2.1651000000001446	1.0000001519566009	0.49210640871251915	5.093696526420754
2.170100000000155	1.000000154522485	0.4920286449334206	5.0351460756817685
2.1751000000001657	1.0000001553844111	0.4922669491632661	4.947436681262659
2.1801000000001762	1.000000156545304	0.49254559680865756	4.8626950726821665
2.185100000000187	1.0000001585268161	0.4925870524629358	4.8080334119324935
2.1901000000001973	1.0000001600432322	0.4922068851513753	4.800102420250291
2.195100000000208	1.000000160136608	0.4913763908456897	4.84629070037895
2.2001000000002184	1.0000001596855363	0.4902336180397277	4.94179013623882
2.205100000000229	1.0000001603166349	0.4890393524132195	5.062127360610461
2.2101000000002395	1.0000001624761254	0.48808998165615824	5.163746805375539
2.21510000000025	1.0000001646563808	0.48761689625086285	5.2018888474477665
2.2201000000002606	1.0000001652010029	0.4877076991411932	5.15661242191095
2.225100000000271	1.00000016450486	0.48827788367699354	5.045826614842841
2.2301000000002817	1.0000001640655214	0.4891018647580373	4.914141419459298
2.2351000000002923	1.000000164318092	0.4898904726242597	4.808044245113682
2.240100000000303	1.000000164469388	0.49039024399340264	4.757521563833782
2.2451000000003134	1.0000001638291416	0.4904707025191122	4.772818095215088
2.250100000000324	1.0000001628382662	0.4901679645292353	4.848159833092179
2.2551000000003345	1.0000001622610513	0.48966992609021215	4.962280837624856
2.260100000000345	1.0000001617246528	0.4892492399912421	5.078257793103318
2.2651000000003556	1.000000159776735	0.48916935605800477	5.153148701828033
2.270100000000366	1.0000001558530685	0.48959457863434597	5.158669982164579
2.2751000000003767	1.0000001516442536	0.4905325238842831	5.098361854934545
2.2801000000003873	1.0000001493237536	0.4918304066540145	5.004994428548063
2.285100000000398	1.0000001487907235	0.4932264418524484	4.919027400244694
2.2901000000004084	1.0000001479507925	0.49443803181368956	4.866469781932794
2.295100000000419	1.0000001454468295	0.49525636839464454	4.85282285372417
2.3001000000004295	1.0000001423910312	0.4956160163633988	4.871678022854033
2.30510000000044	1.0000001406215973	0.49561831013419294	4.913413620822107
2.3101000000004506	1.000000139755063	0.49549851824801777	4.965281749780708
2.315100000000461	1.0000001372535088	0.4955454544117228	5.009408040795659
2.3201000000004717	1.0000001316231226	0.4960019826403774	5.029204036189709
2.3251000000004822	1.0000001248136363	0.49698074529953234	5.0220214095433935
2.3301000000004928	1.0000001202978683	0.4984240625232488	5.003603853463154
2.3351000000005033	1.000000118862594	0.5001208242051483	4.9955581283241495
2.340100000000514	1.0000001178731848	0.501775160672177	5.00575972111426
2.3451000000005244	1.0000001144066142	0.5031060924945747	5.021156557631591
2.350100000000535	1.000000108571641	0.5039421694264405	5.020355928455845
2.3551000000005455	1.0000001033477246	0.5042770744718209	4.992853721438257
2.360100000000556	1.000000100694264	0.5042683383182545	4.946322912502917
2.3651000000005666	1.0000000990582585	0.504180771116193	4.898199585552162
2.370100000000577	1.0000000956782182	0.5042950574950795	4.864195689963649
2.3751000000005877	1.0000000902703656	0.5048108597421456	4.855408324995783
2.3801000000005983	1.0000000853989426	0.5057778073475125	4.880947050394338
2.385100000000609	1.0000000829985276	0.5070797975990178	4.944877097111284
2.3901000000006194	1.000000081587186	0.5084756955665364	5.035788542475041
2.39510000000063	1.0000000778454454	0.5096809857150089	5.121686666354451
2.4001000000006405	1.0000000708238905	0.5104629326185881	5.162190417283794
2.405100000000651	1.000000063438961	0.5107185436279198	5.132731661144624
2.4101000000006616	1.0000000589532239	0.5105099847811847	5.0410934210649465
2.415100000000672	1.0000000571089225	0.5100428327402869	4.9224411241352195
2.4201000000006827	1.000000055053655	0.5095947412338195	4.819037956757567
2.4251000000006933	1.0000000511842084	0.5094204569035421	4.762622326133169
2.430100000000704	1.0000000468953452	0.5096640015442252	4.769164132055038
2.4351000000007144	1.0000000442673584	0.5103074606109476	4.839829215676398
2.440100000000725	1.000000043016611	0.5111738697041487	4.958643577367819
2.4451000000007355	1.0000000405839073	0.5119857095547617	5.0892933110839165
2.450100000000746	1.000000035296907	0.5124603212617584	5.182965537421228
2.4551000000007566	1.0000000289194324	0.5124068146157643	5.2008745723240395
2.460100000000767	1.0000000247393155	0.5117916154169357	5.1371505247686065
2.4651000000007777	1.0000000234337967	0.5107510529441401	5.022443108157209
2.470100000000788	1.0000000226477905	0.509546308187958	4.9044707257681015
2.4751000000007988	1.0000000200354455	0.508475504774294	4.82227462905284
2.4801000000008093	1.0000000158638467	0.5077722359211502	4.793684225757005
2.48510000000082	1.0000000124421111	0.5075275077077996	4.818816082932007
2.4901000000008304	1.0000000110981397	0.5076621605162565	4.8870161129421765
2.495100000000841	1.0000000106753928	0.5079559367481192	4.977752036886805
