tau	N_greek	x	epsilon
0.0001	1.0000000009665246	0.500000000483262	78.8529869314351
0.020099999999999934	1.0000155401927877	0.4998403576357898	78.85409776565099
0.04010000000000012	1.000000015574186	0.49919716130046704	78.85246180007564
0.060100000000000695	1.0000155289510648	0.49910096490332756	78.85490285509447
0.08010000000000127	1.000000014935927	0.5014060121269275	78.85352743826779
0.10010000000000184	1.000015479244922	0.5063244882229115	78.84462124585009
0.12010000000000241	1.0000001055632675	0.510453380586272	78.83465701821017
0.1401000000000009	1.000015489375556	0.5082989992794373	78.8482529136788
0.1600999999999987	1.0000000656847434	0.49710595757484516	78.85594123280265
0.18009999999999649	1.0000153365754123	0.4812647025726829	78.82817932299739
0.20009999999999428	1.0000002252186975	0.47172799959498546	78.80296984336294
0.22009999999999208	1.0000154439878484	0.4791609115735808	78.83718894500626
0.24009999999998988	1.000000196660844	0.5046032952679509	78.8610360331972
0.2600999999999877	1.0000151366024177	0.5355401136758983	78.8081288265958
0.28009999999998547	1.000000306085863	0.5513372238385263	78.76427114025041
0.30009999999998327	1.0000153775654281	0.5364251380568791	78.82606035534397
0.32009999999998107	1.0000004304266021	0.4936183101395168	78.87033801171054
0.34009999999997886	1.000014942614658	0.4457565905290962	78.78975517537853
0.36009999999997666	1.000000314454016	0.4240052926696702	78.72739839350454
0.38009999999997446	1.000015254985083	0.4476552438070368	78.81979032861533
0.40009999999997226	1.0000007360297876	0.5083019874455157	78.88478000692858
0.42009999999997005	1.0000148238993887	0.5720092318398379	78.77788390955799
0.44009999999996785	1.0000002766194258	0.5982864038816942	78.700565055946
0.46009999999996565	1.000015053798431	0.5660173933456155	78.82187383999994
0.48009999999996344	1.000001029160368	0.48997714542992965	78.90451846898748
0.5000999999999612	1.0000148135620355	0.41390675879694144	78.77684275767076
0.520099999999959	1.000000262651231	0.3851669263714462	78.69047490206553
0.5400999999999568	1.0000147931768721	0.42472567619398427	78.83460516321277
0.5600999999999546	1.0000012127880276	0.5114641371882995	78.9287207826809
0.5800999999999524	1.0000148869866299	0.5943740392319722	78.78873775822267
0.6000999999999502	1.0000003393189947	0.6229020240252736	78.70051024565021
0.620099999999948	1.0000145352058138	0.5785415825439556	78.85722935428312
0.6400999999999458	1.0000012333032726	0.48768703679413256	78.95469404825525
0.6600999999999436	1.0000149759349288	0.40465959010825936	78.81302478975688
0.6800999999999414	1.000000523862853	0.3788678014562943	78.73020180660176
0.7000999999999392	1.0000143537953283	0.42470987815142247	78.88696973705942
0.720099999999937	1.0000011124416124	0.5125060751847539	78.9789774030019
0.7400999999999348	1.0000150073912664	0.5889975478702709	78.84619343511301
0.7600999999999326	1.0000007703902145	0.6097740757796005	78.77466429438097
0.7800999999999304	1.0000142911828154	0.5659701183097426	78.91835420009149
0.8000999999999282	1.0000009370162053	0.4879535648861974	78.99670745267723
0.820099999999926	1.0000149435812968	0.4237732806240531	78.88185697636976
0.8400999999999238	1.0000009993787813	0.4092855774582167	78.82539936933259
0.8600999999999216	1.0000143321275063	0.4478784312287912	78.9449165727825
0.8800999999999194	1.0000008136080514	0.5109725301119964	79.00376789679198
0.9000999999999172	1.0000147980352612	0.5592991938401428	78.91284149809285
0.920099999999915	1.0000011490583283	0.5670354540277898	78.87253925426636
0.9400999999999128	1.0000144099891122	0.5358769888931857	78.96044438790175
0.9600999999999106	1.000000812935142	0.4903430145897035	78.99652989828195
0.9800999999999084	1.000014616419478	0.45925128450449487	78.93150390222898
1.0000999999999063	1.0000012149460242	0.4576856233318822	78.90611753457893
1.020099999999904	1.0000144428202342	0.48038620743092886	78.95989943689666
1.0400999999999019	1.0000009399674832	0.5083206468234633	78.97342784813095
1.0600999999998997	1.0000144389929346	0.5237123479069056	78.93213406518679
1.0800999999998975	1.0000012512123568	0.5204767766603654	78.91848012092196
1.1000999999998953	1.0000143776407366	0.505805230654136	78.94136101203743
1.120099999999893	1.0000011485475329	0.49244903837491943	78.93528501379356
1.1400999999998909	1.000014272240771	0.489037333154025	78.9113499883286
1.1600999999998887	1.00000133332404	0.4950992744975169	78.90520001708086
1.1800999999998865	1.0000142123860642	0.5036708165462541	78.90562406030689
1.2000999999998843	1.0000013844158342	0.5075950620530827	78.88557476760587
1.220099999999882	1.0000140883578994	0.5047364277359072	78.86987734968783
1.2400999999998799	1.000001507276813	0.49811271121297324	78.86691353446646
1.2600999999998777	1.0000139833720831	0.49259504016455746	78.85773808548477
1.2800999999998754	1.0000016238905878	0.4911382944305601	78.83068644046631
1.3000999999998732	1.0000138523106876	0.4937876891041016	78.81239221228401
1.320099999999871	1.000001761424456	0.49896574813782885	78.80904461251727
1.3400999999998688	1.0000137322731897	0.5052471782715038	78.80499634006938
1.3600999999998666	1.0000018849747063	0.5114155907996035	78.77817941603514
1.3800999999998644	1.0000135568615423	0.5152730148452352	78.74691756141073
1.4000999999998622	1.0000020380554648	0.5131872819327993	78.74107342063861
1.42009999999986	1.0000134748464264	0.5023725882809277	78.75692948768621
1.4400999999998578	1.0000022008587481	0.48486168097651317	78.73690629819328
1.4600999999998556	1.0000132375606663	0.4692592726114967	78.68416723572953
1.4800999999998534	1.0000022764497387	0.4674049522124738	78.67528793695236
1.5000999999998512	1.0000131950888496	0.4861312143490318	78.72301471513484
1.520099999999849	1.0000025788242222	0.5197528183127919	78.71435690616292
1.5400999999998468	1.0000129555969195	0.5501844142400846	78.63509364223155
1.5600999999998446	1.0000024568459405	0.556064905702592	78.62421761753464
1.5800999999998424	1.0000128681559894	0.5273127286495217	78.71108289531682
1.6000999999998402	1.0000029768770042	0.4753708721629543	78.71619750335384
1.620099999999838	1.0000127600800721	0.4293382182025944	78.60960670002501
1.6400999999998358	1.000002614206923	0.4201951825287123	78.5987655313383
1.6600999999998336	1.000012493485565	0.4596901701142776	78.72586580628627
1.6800999999998314	1.0000033162044333	0.5293100883508363	78.74413335077531
1.7000999999998292	1.0000126532085596	0.5889626312941425	78.61358831403639
1.720099999999827	1.0000028119380464	0.599985933306402	78.60519554329164
1.7400999999998248	1.000012110969504	0.5507735978442192	78.76715986981922
1.7600999999998226	1.0000035244588683	0.46703395009370974	78.79593211097304
1.7800999999998204	1.000012584641088	0.3977388256248862	78.64869188530196
1.8000999999998182	1.000003095648162	0.38646017313825004	78.64479485725798
1.820099999999816	1.0000117884025257	0.4429678749505295	78.8308432990906
1.8400999999998138	1.0000035839628283	0.5351889049746248	78.86549324941244
1.8600999999998116	1.0000124799429546	0.608489268914521	78.71123643144298
1.8800999999998094	1.000003457092692	0.618184438094642	78.71290705986677
1.9000999999998072	1.0000115825132507	0.5580135862797048	78.90779562908628
1.920099999999805	1.0000035494922683	0.4645054291036741	78.94281059631372
1.9400999999998028	1.0000122840796717	0.39354256131350523	78.79247198116293
1.9600999999998006	1.000003834983704	0.38689801317343575	78.79949344839267
1.9800999999997984	1.0000115002431822	0.44646312929981724	78.98630149508843
2.0000999999997964	1.0000035216419934	0.5339368422114528	79.01592700762647
2.0200999999998386	1.0000119914521113	0.5966038501643326	78.8794958457124
2.040099999999881	1.0000041534538198	0.5990185987620821	78.89030959657798
2.060099999999923	1.0000114889213372	0.5442264538415301	79.05273841401102
2.080099999999965	1.0000035961238016	0.46924565278934327	79.07191261399382
2.1001000000000074	1.0000116448908176	0.419640095489265	78.95710372340244
2.1201000000000496	1.0000043719347285	0.4217605027386801	78.9692586037635
2.140100000000092	1.0000114610101203	0.4683994225701934	79.09495626843261
2.160100000000134	1.000003816614124	0.5264667556127592	79.10039629995715
2.1801000000001762	1.0000113031658968	0.5605401633627097	79.01130694997683
2.2001000000002184	1.000004511243189	0.5540640942811732	79.02205816729946
2.2201000000002606	1.0000113379012618	0.517528747705749	79.10417853942742
2.240100000000303	1.0000041590084117	0.47805639487419205	79.09417335074141
2.260100000000345	1.000011000733669	0.45989494293371364	79.03079495792878
2.2801000000003873	1.0000046415233121	0.4698833026752349	79.03787386807008
2.3001000000004295	1.0000110886786653	0.49596421059369095	79.07625321762849
2.3201000000004717	1.0000045578704049	0.517965119843273	79.05128882843988
2.340100000000514	1.0000107285246005	0.5224790682004192	79.00965928472756
2.360100000000556	1.0000048381816948	0.5101469844692221	79.01201691669581
2.3801000000005983	1.0000107386700503	0.4930627875095494	79.01344602013991
2.4001000000006405	1.0000049534509359	0.48447804511130704	78.9753727401157
2.4201000000006827	1.0000104471479074	0.48953243616823766	78.94808312162303
2.440100000000725	1.0000051352161903	0.5028530428808202	78.94638498297296
2.460100000000767	1.000010342795595	0.5139647664189332	78.92345310256279
2.4801000000008093	1.0000053249028436	0.5151332484323264	78.87572628774589
2.5001000000008515	1.000010121347175	0.5061571378028573	78.85347676632934
2.5201000000008937	1.000005507708201	0.4931917052780274	78.85030369029458
2.540100000000936	1.0000099468122778	0.48387764974293235	78.81988983628442
2.560100000000978	1.000005690631995	0.48272273747645755	78.76641144403146
2.5801000000010204	1.0000097520252857	0.4896405109086399	78.73923176845676
2.6001000000010626	1.0000058939743592	0.5013489362195515	78.73872562880989
2.6201000000011048	1.000009563321846	0.5135019885615647	78.71864410862247
2.640100000001147	1.000006078860323	0.5218543993776619	78.66340272107814
2.660100000001189	1.0000093803878756	0.5224684225347198	78.62262557586904
2.6801000000012314	1.0000062391860163	0.5126438117592638	78.62987692505061
2.7001000000012736	1.00000917577565	0.49335269549880145	78.63675454137301
2.720100000001316	1.00000649015847	0.47160089564889	78.58332417939133
2.740100000001358	1.0000090611911125	0.45922249395629555	78.52272568445346
2.7601000000014	1.0000065317573286	0.4671982460331165	78.54281064613319
2.7801000000014424	1.0000087677881273	0.49699982305108825	78.58879327214684
2.8001000000014846	1.0000068834066078	0.5361186147972744	78.5396855152078
2.820100000001527	1.000008823513864	0.5623144517260394	78.45666313067775
2.840100000001569	1.0000068067362868	0.5558242711871935	78.49350947537353
2.8601000000016112	1.0000083524836474	0.5138067475093233	78.58457504266136
2.8801000000016534	1.0000071965661257	0.4561391332843389	78.54129928703799
2.9001000000016957	1.0000086469062655	0.41621773683354035	78.43707623036647
2.920100000001738	1.0000071145282325	0.4220790222893287	78.4925286705102
2.94010000000178	1.0000079774270436	0.4761972842220958	78.62717199251978
2.9601000000018223	1.00000738724961	0.5506681090313691	78.58957230672615
2.9801000000018645	1.0000084694705134	0.6017252130398736	78.46881589504078
3.0001000000019067	1.0000074793547333	0.59553909889626	78.54194597966773
3.020100000001949	1.0000077003941519	0.5314117413844934	78.71157808006839
3.040100000001991	1.0000074686250116	0.44467440327430136	78.67883203073029
3.0601000000020333	1.0000082258456748	0.3866061473045057	78.54892915933313
3.0801000000020755	1.0000078770559049	0.3940140971704012	78.63600416325804
3.1001000000021177	1.0000075503269132	0.4645810238537482	78.826585819236
3.12010000000216	1.000007512360485	0.5572417542232591	78.79688643470429
3.140100000002202	1.0000078878178174	0.6169037060068588	78.66651142955949
3.1601000000022443	1.0000082464209064	0.6074728362202056	78.76115171671363
3.1801000000022865	1.00000749866712	0.5351389751254833	78.95466727852097
3.2001000000023287	1.0000076137157097	0.4440654680852291	78.92594706614275
3.220100000002371	1.0000074810951143	0.38848914818327396	78.80388093976441
3.240100000002413	1.0000085300824555	0.4003225792368381	78.89795341266483
3.2601000000024554	1.0000074654917845	0.469423757856117	79.0756993302053
3.2801000000024976	1.0000078413918896	0.5517403607747702	79.04553033737982
3.30010000000254	1.0000070677475785	0.5981233650349749	78.93894327768243
3.320100000002582	1.0000087158066946	0.5837143279993986	79.02389223453407
3.340100000002624	1.0000073588080094	0.5223556533598065	79.16894277211306
3.3601000000026664	1.0000082048785353	0.4547355209040459	79.135084076141
3.3801000000027086	1.0000067059500177	0.42126456982157356	79.04866165369707
3.400100000002751	1.0000088481688776	0.43783973197054216	79.1171323047429
3.420100000002793	1.0000071196751876	0.4881965017188295	79.21789226733671
3.4401000000028352	1.0000086544896585	0.537597253999774	79.17874863282827
3.4601000000028774	1.0000064131591284	0.5566221174842673	79.11391491856084
3.4801000000029196	1.000009003668568	0.5383742676188712	79.16122565143688
3.500100000002962	1.0000067492875502	0.5003970455405337	79.21259160715573
3.520100000003004	1.0000091154466824	0.46989636969468485	79.16682975029
3.5401000000030463	1.0000061595174183	0.4649258404211292	79.12178728045512
3.5601000000030885	1.0000092467239308	0.484115932755134	79.14677892899023
3.5801000000031307	1.0000063018753003	0.5102642400655534	79.15108501226808
3.600100000003173	1.0000095330500385	0.5240797354109201	79.0981597095435
3.620100000003215	1.0000058935968996	0.5176525882021599	79.06836126313324
3.6401000000032573	1.000009592086822	0.49814712040802106	79.07409311514776
3.6601000000032995	1.000005847449103	0.4812293666907037	79.04075218844271
3.6801000000033417	1.000009896879169	0.4792106984122668	78.9803125369702
3.700100000003384	1.0000055815470723	0.49294102627894343	78.95927696045544
3.720100000003426	1.000009999268686	0.512285529811146	78.9527169435208
3.7401000000034683	1.0000054310598476	0.5240680535807261	78.89665284554692
3.7601000000035105	1.0000102313316552	0.5208873217718296	78.82921088016892
3.7801000000035527	1.000005232449057	0.5051053400091056	78.80986063816552
3.800100000003595	1.0000104025644883	0.48620996120566373	78.80113954381214
3.820100000003637	1.0000050573834767	0.4744068726827222	78.74080232098514
3.8401000000036793	1.0000105641539379	0.47525916994812484	78.66695877191091
3.8601000000037216	1.0000048923725302	0.4878441591632583	78.64262831256899
3.8801000000037638	1.0000107526809041	0.5064748382680153	78.643325678422
3.900100000003806	1.0000047054176384	0.5235037124579565	78.59706473831379
3.920100000003848	1.0000108956936355	0.5319474326726946	78.51785202809766
3.9401000000038904	1.000004609983534	0.5270990352473877	78.48358063909068
3.9601000000039326	1.0000110431968328	0.5084952141243264	78.50494642906263
3.980100000003975	1.0000043605724016	0.4817096641665331	78.48896267918344
4.000100000004016	1.0000111929573072	0.4584198085931994	78.40571513965703
4.0201000000039695	1.000004399898313	0.45227062486793407	78.35881919212068
4.040100000003923	1.0000113058637545	0.4714884617102502	78.40983036142983
4.060100000003876	1.000004039496335	0.511081169235038	78.43490305954208
4.08010000000383	1.0000114134972082	0.552285690739073	78.3491394499486
4.100100000003783	1.000004229003522	0.5706332254698644	78.28964853158445
4.120100000003736	1.0000115788320734	0.5503304643453799	78.37512938685306
4.14010000000369	1.0000037857545274	0.4968830525616415	78.44538303809809
4.160100000003643	1.0000115410965773	0.4375945416349245	78.35884985617224
4.180100000003597	1.0000040359814475	0.407722299254352	78.28919791982021
4.20010000000355	1.000011872525109	0.42970513807390975	78.40884748515175
4.220100000003503	1.0000036388975622	0.4958927950782734	78.52067119901703
4.240100000003457	1.000011606887078	0.5705532379154833	78.4347273835478
4.26010000000341	1.0000037719888617	0.6091074901230442	78.35912552100373
4.2801000000033635	1.0000121593851155	0.5852281953912716	78.50714419375038
4.300100000003317	1.000003599632499	0.5094931525645203	78.65022227917333
4.32010000000327	1.0000116817363585	0.42473423093396856	78.56652189227918
4.340100000003224	1.000003434644069	0.3814236254998755	78.49017002994786
4.360100000003177	1.0000123924367021	0.4071686569215827	78.65623561164874
4.3801000000031305	1.0000036138898463	0.48781003660882827	78.81541518747004
4.400100000003084	1.000011839196066	0.5759139217588654	78.73516723574359
4.420100000003037	1.0000030709029841	0.6190796074641278	78.66320308230428
4.440100000002991	1.0000125407289928	0.5917826355113947	78.83352636810503
4.460100000002944	1.0000035920224803	0.5117544547612092	78.99055813366192
4.480100000002897	1.000012114435833	0.42782392741365644	78.9147705545697
4.500100000002851	1.0000027478102242	0.3896269254681445	78.851516045118
4.520100000002804	1.0000126184809053	0.4178455484219529	79.01100208097233
4.540100000002758	1.0000034543107756	0.4918025085151077	79.14781819517853
4.560100000002711	1.0000124859573476	0.5647886315685693	79.0765899953112
4.580100000002664	1.0000025100772516	0.5938158317671336	79.02472834931179
4.600100000002618	1.0000126834462697	0.5653138338679599	79.1594182339064
4.620100000002571	1.0000031728147594	0.5019843466815326	79.26043124699025
4.6401000000025245	1.0000128900889549	0.4451922850544741	79.19323393932835
4.660100000002478	1.0000023522081376	0.42809489289416475	79.15362342956708
4.680100000002431	1.000012804961318	0.4560542759392611	79.25326954907106
4.700100000002385	1.0000027827520983	0.505895207353373	79.30874129783534
4.720100000002338	1.0000132572116054	0.5439147097286605	79.24446723858459
4.7401000000022915	1.0000022246126334	0.5482552465608799	79.21613534497558
4.760100000002245	1.0000130249582244	0.5213091887647225	79.27609366880942
4.780100000002198	1.0000023612315412	0.48556678639877987	79.28277162531428
4.800100000002152	1.0000135487555821	0.46607547041088093	79.21946829004541
4.820100000002105	1.000002069140474	0.47363761150382355	79.20004369747362
4.840100000002058	1.0000133341135782	0.4992782396713373	79.22192602345801
4.860100000002012	1.0000019835614222	0.5224827074657202	79.18376262236625
4.880100000001965	1.0000137703872736	0.5265551074286277	79.11920025386492
4.900100000001919	1.0000018581091459	0.5097834827299329	79.10557511085395
4.920100000001872	1.0000136779826898	0.48527214514914896	79.09753359157841
4.940100000001825	1.0000016858181258	0.470894477614554	79.02482869305246
4.960100000001779	1.0000139547038855	0.47679356406206036	78.9563500353953
4.980100000001732	1.0000016115248775	0.4989944619933473	78.9453607088966
5.0001000000016855	1.000013990166503	0.5229190592164631	78.92079769548252
5.020100000001639	1.000001458296323	0.5335089876972051	78.82857647515273
5.040100000001592	1.0000141300575096	0.5245318263545297	78.75411651786224
5.060100000001546	1.000001381246736	0.5014968411898093	78.74330612227955
5.080100000001499	1.0000142298662078	0.4773703850539688	78.71917936669531
5.1001000000014525	1.0000012699858167	0.4646636032661687	78.62504246908772
5.120100000001406	1.0000142980343865	0.4693543241323369	78.54277778310791
5.140100000001359	1.000001212548381	0.4888462810234834	78.53074584905156
5.160100000001313	1.0000143972118158	0.514314767803165	78.52460309749434
5.180100000001266	1.0000011020547714	0.5346453896034067	78.44535355477602
5.200100000001219	1.0000144343631165	0.5407474386128479	78.35450071391037
5.220100000001173	1.000001111244316	0.5284127037510831	78.34117805402144
5.240100000001126	1.000014522353391	0.500717193140742	78.36855258580385
5.26010000000108	1.000000967301217	0.46827930674755414	78.31847854286832
5.280100000001033	1.0000145129804718	0.446598956924529	78.21935202921648
5.300100000000986	1.0000010392037195	0.44935351379776906	78.20582190274965
5.32010000000094	1.000014636088991	0.4802108651729476	78.27755384669777
5.340100000000893	1.0000008998033547	0.5272567200562246	78.26550500622453
5.3601000000008465	1.000014533747256	0.5667024738514764	78.15966456998812
5.3801000000008	1.0000009411223438	0.5741422871483564	78.14776514317157
5.400100000000753	1.0000147444799765	0.5398533997561864	78.26785069750397
5.420100000000707	1.0000009219761135	0.4779535495730567	78.29647692299956
5.44010000000066	1.0000145326372363	0.42144483540442135	78.18655119917088
5.4601000000006135	1.0000007839377925	0.4047462197359804	78.17829814336633
5.480100000000567	1.000014826761867	0.4425082991678715	78.34312649958112
5.50010000000052	1.000001015069754	0.5171184419373179	78.40797690535864
5.520100000000474	1.000014566132004	0.5872419641362898	78.29699594017048
5.540100000000427	1.000000582382572	0.6104656021261853	78.29392310043283
5.56010000000038	1.000014856378755	0.5699444401388386	78.492508700063
5.580100000000334	1.0000011151928505	0.4868360422225973	78.58344551849731
5.600100000000287	1.0000146790681919	0.40880279413622767	78.47505519482488
5.620100000000241	1.0000003911193671	0.38249037970438265	78.47784001661348
5.640100000000194	1.0000148278098049	0.4247217282764647	78.69383087532204
5.660100000000147	1.0000011399064095	0.5107959432326054	78.79675947640801
5.680100000000101	1.0000148758946998	0.5898759064020838	78.69420658229647
5.700100000000054	1.0000002697281636	0.6151117916508684	78.70231318614415
5.7201000000000075	1.0000147716217678	0.5725534203368119	78.91588510011307
5.740099999999961	1.000001033565148	0.48963656754801016	79.01447819152737
5.760099999999914	1.000015116239115	0.41676078739247147	78.92046802747672
5.780099999999868	1.000000243444636	0.3964925886905607	78.9322278747085
5.800099999999821	1.0000147440189833	0.4378977357473807	79.1233072226659
5.8200999999997745	1.0000008002271847	0.5120166586888361	79.20184472646855
5.840099999999728	1.000015337279275	0.572475871567802	79.1175766732395
5.860099999999681	1.0000002856699775	0.5844408128483172	79.13048301388908
5.880099999999635	1.0000147945644253	0.5453867080246155	79.28186565472413
5.900099999999588	1.0000005021977336	0.4844279483807477	79.32717445116144
5.920099999999541	1.0000154874092206	0.4408754274506581	79.25254333262738
5.940099999999495	1.0000003348748734	0.439204088059661	79.2638546133102
5.960099999999448	1.0000149360047963	0.4749553923677766	79.36439353738177
5.980099999999402	1.0000002267924817	0.5204796981700991	79.36876129740203
6.000099999999355	1.0000155512964501	0.5454113378384675	79.30228223182935
6.020099999999308	1.0000003348323645	0.5363895135383778	79.30977563852825
6.040099999999262	1.0000151360319216	0.5040994135128488	79.35625572156097
6.060099999999215	1.0000000424640347	0.47378227332525497	79.31761879278834
6.0800999999991685	1.0000155510738507	0.4664746158465882	79.25645973888041
6.100099999999122	1.000000269728447	0.4852061083547477	79.25897618364239
6.120099999999075	1.0000153324981362	0.5144117803647811	79.25643665648883
6.140099999999029	0.999999967985695	0.5320782194276006	79.17897385961504
6.160099999998982	1.0000155246836162	0.5254833238070482	79.11960003047804
6.1800999999989354	1.0000001722414331	0.49945307103788134	79.11765011287845
6.200099999998889	1.000015466219488	0.4722017030634363	79.07904875812139
6.220099999998842	0.9999999751929611	0.46250975418139884	78.97210440259266
6.240099999998796	1.0000154979843143	0.4772993999602181	78.91055336082418
6.260099999998749	1.0000000999332292	0.5074289400303542	78.90637296883907
6.280099999998702	1.0000155098081893	0.5343021207206743	78.85040249317028
6.300099999998656	1.0000000202570551	0.5418061850751643	78.72715056972082
6.320099999998609	1.0000154707756144	0.525713847207127	78.66014832738445
6.3400999999985626	1.0000000959167052	0.4952643519489917	78.6576101906963
6.360099999998516	1.000015474223618	0.4669826173167035	78.60622541640586
6.380099999998469	1.0000000778274905	0.4552822372430877	78.48164380588129
6.400099999998423	1.0000154239039662	0.46569961697116086	78.40655589485492
6.420099999998376	1.0000001601897304	0.49300085504320545	78.41050745948209
6.4400999999983295	1.0000153913997218	0.5245826973435351	78.38504666205424
6.460099999998283	1.0000001553172202	0.5460505068648889	78.27316518759041
6.480099999998236	1.0000153413756778	0.5472208826737882	78.1888604862624
6.50009999999819	1.0000002528302576	0.5258667629917907	78.2042793075875
6.520099999998143	1.0000152896393606	0.48968672637736277	78.22244869832315
6.540099999998096	1.0000002787787223	0.4542328780995104	78.13504764032172
6.56009999999805	1.000015229887131	0.4374522215112764	78.04193148974791
6.580099999998003	1.0000003237636848	0.4510741741422477	78.07297029121172
6.600099999997957	1.0000151762985985	0.49278974269306075	78.1457400360074
6.62009999999791	1.000000460991423	0.5440666989470472	78.08994120085288
6.640099999997863	1.000015120605972	0.5778831934230377	77.9900797845183
6.660099999997817	1.000000349729511	0.5723212829124055	78.03896441492287
6.68009999999777	1.0000150409900852	0.5252313980608837	78.16856189956218
6.7000999999977235	1.0000006770928018	0.4587134741677514	78.14638909574235
6.720099999997677	1.0000150509539671	0.4092049211703438	78.04306318083901
6.74009999999763	1.000000351731169	0.407601196803262	78.10956731571311
6.760099999997584	1.0000148752609521	0.4593623443864449	78.2890288403018
6.780099999997537	1.0000008677980754	0.538040978336441	78.2965836146878
6.8000999999974905	1.0000150391678382	0.5993375875149682	78.19358509464813
6.820099999997444	1.0000003813107252	0.6057940412966548	78.27460520184876
6.840099999997397	1.000014690334579	0.5510702703679714	78.4887110437549
6.860099999997351	1.0000009689361433	0.46528975385871213	78.51765611521877
6.880099999997304	1.0000150686586562	0.39802629455301564	78.41911217467867
6.900099999997257	1.0000004845817394	0.38946688626020803	78.5091357142308
6.920099999997211	1.000014520392942	0.445102930424827	78.73721015800366
6.940099999997164	1.0000009509204666	0.5318011255147644	78.77608641384826
6.960099999997118	1.0000150944211803	0.5983202329528634	78.68547724269304
6.980099999997071	1.000000669513579	0.6056745914190131	78.7771078354854
7.000099999997024	1.000014407397442	0.5514403168496042	78.99553542619044
7.020099999996978	1.0000008421844448	0.4703027459637239	79.03124991034404
7.040099999996931	1.0000150670628634	0.41130609526008566	78.95113036420283
7.0600999999968845	1.000000897292695	0.40814826079234784	79.03627059255402
7.080099999996838	1.0000143742905911	0.45885410323074155	79.22239155575038
7.100099999996791	1.0000007178627293	0.5288408480697826	79.24237280245006
7.120099999996745	1.0000149596766073	0.5747210846137294	79.17358214939429
7.140099999996698	1.000001105269278	0.5710956319180079	79.24483395951609
7.1600999999966515	1.000014406104499	0.52542114536384	79.38029032356995
7.180099999996605	1.0000006615652455	0.47060008492773253	79.37402522035015
7.200099999996558	1.0000147801233197	0.4415951338654825	79.31596221297745
7.220099999996512	1.0000012471256063	0.4534676206758288	79.36798408707332
7.240099999996465	1.0000144542329716	0.49327024023260535	79.44217198226715
7.260099999996418	1.0000007245755997	0.5313192860520496	79.40355130241454
7.280099999996372	1.0000145624777435	0.5424203586434457	79.35421532474685
7.300099999996325	1.0000013218596235	0.5220502257353856	79.38503585962665
7.320099999996279	1.0000144590856481	0.48776582388108836	79.39666124712178
7.340099999996232	1.0000009044188087	0.4654740869848793	79.3239232693112
7.360099999996185	1.000014343332218	0.4707584414090548	79.28023817908051
7.380099999996139	1.0000013729731607	0.49881206659633726	79.29160461063135
7.400099999996092	1.0000143771622836	0.5287386325781944	79.24870607198383
7.4200999999960455	1.0000011552991637	0.5387081790299688	79.1450191357272
7.440099999995999	1.0000141407278844	0.5210595757669847	79.10347031947728
7.460099999995952	1.0000014608464243	0.4872112017905381	79.10112927027482
7.480099999995906	1.000014200203263	0.4595246552165778	79.02009902570941
7.500099999995859	1.0000014228097358	0.45646207401715666	78.8925578997334
7.5200999999958125	1.000013948307677	0.48078333261858897	78.84966334755164
7.540099999995766	1.0000016245310248	0.5179778011815466	78.84241539051858
7.560099999995719	1.0000139523221314	0.5459448328681902	78.74521750481661
7.580099999995673	1.0000016774715086	0.5484112074100633	78.60398923670344
7.600099999995626	1.0000137475375521	0.524060092091691	78.55716699445352
7.620099999995579	1.0000018587996273	0.48643036329094735	78.5558208789365
7.640099999995533	1.0000136696371988	0.4555450826688825	78.46701773513328
7.660099999995486	1.000001924493379	0.44706711328024074	78.32362696594059
7.68009999999544	1.0000135271576	0.46499394149617873	78.2712176494758
7.700099999995393	1.0000021213221266	0.5004452598690284	78.28675322156232
7.720099999995346	1.0000133789917927	0.536664241591483	78.22917698136102
7.7400999999953	1.000002187759547	0.5566136685838106	78.09451643132701
7.760099999995253	1.000013295585245	0.5503926494720975	78.03631057046458
7.7800999999952065	1.0000023644797147	0.5192756934669611	78.0780487055228
7.80009999999516	1.0000130888550909	0.4762186400869317	78.06975147859269
7.820099999995113	1.0000024795483509	0.44097173230521025	77.9531427536515
7.840099999995067	1.0000130761083745	0.43213195987372	77.8902271920881
7.86009999999502	1.0000025677637168	0.45754475393686206	77.96419268807213
7.8800999999949735	1.0000127960595142	0.5081569627276877	78.01521322414575
7.900099999994927	1.000002780372545	0.5598749182925422	77.92254130007348
7.92009999999488	1.0000128895073161	0.5846289431905062	77.85719176517976
7.940099999994834	1.0000027508435525	0.5652392359827304	77.9645769929812
7.960099999994787	1.00001250207916	0.5077899214252392	78.07533285257563
7.98009999999474	1.000003044459262	0.44093209007990425	78.00873173559468
8.000099999994694	1.00001273555307	0.40198027920633067	77.94382783772805
8.020099999994647	1.0000029572205142	0.41595947250316434	78.08079331389752
8.0400999999946	1.000012224177884	0.4787232294139127	78.2419025420143
8.060099999994554	1.0000032281308742	0.5568829375582001	78.19894275728329
8.080099999994507	1.0000125880046564	0.6059541570217168	78.13736003662154
8.10009999999446	1.0000032209179086	0.5957132688793838	78.29506901302109
8.120099999994414	1.000011990007469	0.5302885672573233	78.48889375118493
8.140099999994368	1.0000033217409132	0.4465098480662143	78.46387033959107
8.160099999994321	1.0000124074155299	0.39298133027022447	78.40818645822162
8.180099999994274	1.000003540335161	0.4014559899704765	78.57436824655629
8.200099999994228	1.0000118216823746	0.4665911451728809	78.77820032732413
8.220099999994181	1.0000033648383382	0.5494018952426987	78.76293408574116
8.240099999994134	1.000012164059347	0.60101812236409	78.7148341061772
8.260099999994088	1.0000038756462153	0.5918814741093567	78.87521386188752
8.280099999994041	1.0000117167527165	0.5300953662767407	79.06412856779012
8.300099999993995	1.0000034303711387	0.4548714394122995	79.04911180347877
8.320099999993948	1.0000118548777517	0.41135676198364757	79.00928058880788
8.340099999993901	1.0000041726532194	0.42335899549334244	79.14993949751785
8.360099999993855	1.0000116405193895	0.4792266917686977	79.30091647747531
8.380099999993808	1.0000035871571802	0.5414817456812513	79.27674868476922
8.400099999993762	1.0000115052812428	0.5718901041994641	79.2446199529588
8.420099999993715	1.0000043986557052	0.5550267701594489	79.35428433968607
8.440099999993668	1.000011538904076	0.5066775794522483	79.44943118237127
8.460099999993622	1.00000386493882	0.4610016311207645	79.40801102878565
8.480099999993575	1.0000111536494223	0.4468316942318897	79.38218510623204
8.500099999993528	1.0000045653340923	0.469734029335608	79.45420090302676
8.520099999993482	1.0000113638943855	0.5099885675057224	79.48418019652803
8.540099999993435	1.0000042420391193	0.5381246189040358	79.42048956258121
8.560099999993389	1.0000108288837786	0.5354843101442913	79.39902166431814
8.580099999993342	1.0000047218350607	0.5062097421545066	79.4329316049235
8.600099999993295	1.0000110943986351	0.4730945207787465	79.39807206416977
8.620099999993249	1.00000466085805	0.46083520572458936	79.3100898853944
8.640099999993202	1.0000105363285503	0.47848988033660655	79.2909313882179
8.660099999993156	1.0000049254779704	0.5137097688380156	79.29241032386363
8.680099999993109	1.000010743245456	0.5416341972279454	79.20256549780272
8.700099999993062	1.0000050630580901	0.5421452373225197	79.09188452531517
8.720099999993016	1.000010260738355	0.5135115376133461	79.07335315332382
8.74009999999297	1.0000052083383921	0.4735725252774301	79.05396755553488
8.760099999992923	1.0000103472662	0.4478005313123569	78.92702248348604
8.780099999992876	1.000005420059433	0.4531354468162587	78.79810657241772
8.80009999999283	1.0000099814713008	0.4872911509746482	78.77919752701143
8.820099999992783	1.000005558831179	0.5303157195967004	78.75430690271112
8.840099999992736	1.0000099450963709	0.5572483882156791	78.6131902327412
8.86009999999269	1.000005740158527	0.5526913515182572	78.47299578519738
8.880099999992643	1.0000096896111965	0.5192387993875547	78.4536775298859
8.900099999992596	1.0000059319428996	0.47520533446005014	78.44050830873056
8.92009999999255	1.000009559518082	0.4437986054680977	78.310018545473
8.940099999992503	1.0000060506030355	0.44094826792535896	78.16665751661755
8.960099999992456	1.0000093943085189	0.46781688128444443	78.14770333299336
8.98009999999241	1.0000062799657352	0.5109839847965825	78.16238344005508
9.000099999992363	1.0000091954527353	0.5496035938865778	78.06487939832115
9.020099999992317	1.000006370152654	0.5651115393562774	77.92633011038298
9.04009999999227	1.0000091136580938	0.5495214983910033	77.90921275509905
9.060099999992223	1.0000065818959933	0.5089178085250857	77.96424361394197
9.080099999992177	1.00000884965207	0.4615224377961371	77.91682188746591
9.10009999999213	1.0000066903378595	0.42995598925846595	77.7902392452692
9.120099999992084	1.0000088577227262	0.4314305070318655	77.77672034773937
9.140099999992037	1.000006853012213	0.46831536903396903	77.87880323788518
9.16009999999199	1.0000085250721373	0.5248580806830273	77.89017344773168
9.180099999991944	1.0000069809043874	0.5730836058834726	77.78051855878763
9.200099999991897	1.000008616931619	0.5862204489185582	77.77222736530459
9.22009999999185	1.0000071295031285	0.5535707130009112	77.92059936353496
9.240099999991804	1.0000082362800662	0.48917786033735605	77.98994835919137
9.260099999991757	1.000007213921945	0.426219703580296	77.89966750112941
9.28009999999171	1.0000083636644503	0.40030916303343783	77.89763150728002
9.300099999991664	1.0000074391633127	0.4289026145829342	78.08433325129491
9.320099999991617	1.0000080011296857	0.49883487285396405	78.20128688083993
9.34009999999157	1.0000073895273864	0.5721464027551677	78.12953312833298
9.360099999991524	1.0000080683242194	0.606817794087005	78.13384869397842
9.380099999991478	1.0000077793196358	0.5813577009279872	78.34434133443648
9.400099999991431	1.0000078239666939	0.5093574722477638	78.49090123905053
9.420099999991384	1.0000075452269268	0.4317705540513704	78.43448549209974
9.440099999991338	1.000007719193216	0.39364392103955786	78.44426451740519
9.460099999991291	1.0000081178482823	0.4171659599299107	78.66010252712316
9.480099999991245	1.000007684791081	0.48753237526283194	78.8137915843315
9.500099999991198	1.000007740629054	0.5626190239468442	78.76754615876911
9.520099999991151	1.0000073314275735	0.5982808439354689	78.78099010564561
9.540099999991105	1.0000084137027496	0.5750932056190146	78.98202994722764
9.560099999991058	1.0000075401172692	0.5099814648464676	79.11881666411364
9.580099999991011	1.0000080246459273	0.4439988659287539	79.07640789213394
9.600099999990965	1.0000069399105715	0.41637439132537774	79.09114084751053
9.620099999990918	1.0000086467618	0.4407880450511316	79.25896585434086
9.640099999990872	1.0000073404116026	0.49779915259859053	79.35720913039485
9.660099999990825	1.000008407596521	0.5495742940092727	79.31199140504857
9.680099999990778	1.0000065806427085	0.5646601239862999	79.32555739005917
9.700099999990732	1.0000088350953373	0.5374586288949701	79.44632237335632
9.720099999990685	1.0000070547492583	0.4901159136121471	79.48966528409841
9.740099999990639	1.0000088552728175	0.4557778153399381	79.43560996050076
9.760099999990592	1.0000062710769775	0.455880882366556	79.44602709649804
9.780099999990545	1.0000090263299313	0.48695117052129855	79.5128736086849
9.800099999990499	1.0000066852812917	0.5243746590511111	79.4934251229197
9.820099999990452	1.0000093072267473	0.5408581576716917	79.42640591320544
9.840099999990406	1.0000060024583193	0.5252280689075225	79.4327230626847
9.860099999990359	1.0000092692801767	0.4897199351157264	79.44733373677425
9.880099999990312	1.0000062640625365	0.46067395967186486	79.36635333340195
9.900099999990266	1.0000097088105218	0.4599149867042263	79.28415194602697
9.920099999990219	1.0000057499798072	0.489212723471095	79.28675381044313
9.940099999990172	1.0000095860935276	0.5292335072053064	79.25882255198651
9.960099999990126	1.0000058364203352	0.5525612134093882	79.12656338204381
9.98009999999008	1.0000100380823673	0.542206904343918	79.0294640948503
