tau	N_greek	x	epsilon
0.0001	1.0000000009665246	0.500000000483262	78.85298693143511
0.020099999999999934	1.0000155404720446	0.4998623014255542	78.8541116412264
0.04010000000000012	1.0000000177927055	0.49921853763332125	78.85187300000456
0.060100000000000695	1.0000155084817997	0.4987052157961885	78.85094409259696
0.08010000000000127	1.0000000374966904	0.4999491723725693	78.8484440051942
0.10010000000000184	1.0000155162113293	0.5042396681944978	78.85053908244281
0.12010000000000241	1.0000000388434434	0.510763283692756	78.84771988516924
0.1401000000000009	1.00001547860153	0.5162840762125522	78.83585196232664
0.1600999999999987	1.0000000868985357	0.5167425370759187	78.80714083500644
0.18009999999999649	1.000015444276123	0.5101165854144096	78.77845682826018
0.20009999999999428	1.0000001136993206	0.49836910058130107	78.76632321760468
0.22009999999999208	1.0000154238996353	0.48692730365184966	78.78792638746992
0.24009999999998988	1.0000001279534476	0.4816783446049297	78.82869895054988
0.2600999999999877	1.0000153966680259	0.4853321954619982	78.86872561347761
0.28009999999998547	1.0000001684692386	0.49550180348649386	78.88520777055722
0.30009999999998327	1.0000153686258784	0.5058800529106758	78.88596064498267
0.32009999999998107	1.000000191503346	0.510021465274608	78.88224486696252
0.34009999999997886	1.0000153172336943	0.5053347730975908	78.88698348943218
0.36009999999997666	1.0000002600739843	0.494749358403741	78.88548003888442
0.38009999999997446	1.0000152669218303	0.48487558139363096	78.86671105970333
0.40009999999997226	1.0000003024537374	0.4818904029872089	78.8251455434312
0.42009999999997005	1.0000152023654771	0.4878030326423383	78.78531987462638
0.44009999999996785	1.0000003841562015	0.4995330162740953	78.76673644358196
0.46009999999996565	1.0000151210627215	0.5110788132627294	78.78142868501855
0.48009999999996344	1.000000457712289	0.5171877180052622	78.81053427178865
0.5000999999999612	1.000015068663905	0.5161788832455289	78.83750525734753
0.520099999999959	1.0000004929800868	0.5102950978676093	78.84736763528022
0.5400999999999568	1.0000150089180104	0.5036802922309793	78.84906316993569
0.5600999999999546	1.000000592805353	0.4995234219625927	78.84718857406013
0.5800999999999524	1.0000149133114278	0.49848627032090526	78.85017059311411
0.6000999999999502	1.0000006558950476	0.49913296082233444	78.85158087299286
0.620099999999948	1.0000148558434792	0.4998023546557356	78.85389580842909
0.6400999999999458	1.0000007293275754	0.49993179316309666	78.85305262464101
0.6600999999999436	1.00001477162165	0.5000853360076036	78.85423755117438
0.6800999999999414	1.000000827619191	0.5006765280716295	78.85233728247665
0.7000999999999392	1.0000146621062644	0.501072353113309	78.85168097686491
0.720099999999937	1.0000009217739243	0.49963375756219647	78.84981450702251
0.7400999999999348	1.0000145845199457	0.49526484866280535	78.85175380210232
0.7600999999999326	1.0000010172901908	0.4888411620747517	78.84797423740349
0.7800999999999304	1.0000144652805452	0.4836904772880832	78.83402806428425
0.8000999999999282	1.0000011335544814	0.4837332525164644	78.80410168136576
0.820099999999926	1.0000143542612139	0.4908401374628038	78.77581832164238
0.8400999999999238	1.0000012507036955	0.5027265615797142	78.76634284377005
0.8600999999999216	1.000014243030331	0.5138770169539171	78.79033049055595
0.8800999999999194	1.000001351002027	0.5184784051061432	78.8318915994105
0.9000999999999172	1.0000141360769792	0.5142298123200978	78.87012478027395
0.920099999999915	1.0000014612437347	0.5037964828527409	78.8848204011431
0.9400999999999128	1.0000140380133806	0.4936429826377966	78.88488619079637
0.9600999999999106	1.000001568106255	0.4900001176351063	78.88245050528556
0.9800999999999084	1.0000139005358182	0.49519923429014284	78.8878580778601
1.0000999999999063	1.000001707130795	0.5059386072424396	78.88577076625253
1.020099999999904	1.0000137872603243	0.5155187216389004	78.86471679666376
1.0400999999999019	1.0000018199043408	0.5178533845828697	78.82216742581592
1.0600999999998997	1.0000136478288075	0.5113496189358092	78.78321647119265
1.0800999999998975	1.0000019775998552	0.4993670976895061	78.76762128091265
1.1000999999998953	1.0000134854791	0.48804779603738097	78.78421569082883
1.120099999999893	1.0000021305425175	0.48242487761273356	78.8136155070184
1.1400999999998909	1.000013362664358	0.48397015197312626	78.83859169142366
1.1600999999998887	1.0000022383890173	0.49018042793728045	78.84681665757608
1.1800999999998865	1.0000132215270334	0.49687861724301147	78.84738831750764
1.2000999999998843	1.0000024136497994	0.500880837887202	78.8460490921759
1.220099999999882	1.000013062398759	0.5017302457065023	78.84933549353228
1.2400999999998799	1.0000025429992703	0.5009483776206816	78.85141996441888
1.2600999999998777	1.0000129313807284	0.500266816628404	78.8536133538312
1.2800999999998754	1.0000026871140184	0.5001351754305378	78.85323726838787
1.3000999999998732	1.000012780811896	0.5000030925794787	78.85428839571024
1.320099999999871	1.0000028497843458	0.4994495364946625	78.85294062782006
1.3400999999998688	1.0000126127507984	0.49919479096039765	78.8523731402058
1.3600999999998666	1.0000030034703435	0.5007829612602812	78.85126282975637
1.3800999999998644	1.0000124618241164	0.5052374633165128	78.8527274584655
1.4000999999998622	1.0000031748521212	0.5115236302807646	78.84806880662101
1.42009999999986	1.000012285197496	0.5163203128368113	78.83188375532659
1.4400999999998578	1.000003338404762	0.5157479944437648	78.80112138296843
1.4600999999998556	1.0000121146012217	0.5082047477700264	78.77331945771371
1.4800999999998534	1.0000035271120333	0.496192977140576	78.7667989337032
1.5000999999998512	1.0000119318992133	0.4853893757934765	78.79285392448229
1.520099999999849	1.0000036951831468	0.48141397408727865	78.83512278382707
1.5400999999998468	1.0000117650489337	0.48626496812090303	78.87124132069273
1.5600999999998446	1.000003855868904	0.4969175669607887	78.88438572333335
1.5800999999998424	1.0000116120439342	0.5068516493413191	78.88374888810489
1.6000999999998402	1.0000040292007237	0.5099579755799863	78.88283440992885
1.620099999999838	1.0000114143106174	0.504275039557283	78.8886396129854
1.6400999999998358	1.0000042120318569	0.4933892064284903	78.88598616826756
1.6600999999998336	1.000011258075046	0.4841585534039349	78.86249235352646
1.6800999999998314	1.0000043761224875	0.4824561477020376	78.81933691431611
1.7000999999998292	1.0000110677170393	0.489551188199707	78.78132221293947
1.720099999999827	1.0000045834104252	0.5017358449163887	78.7689072234578
1.7400999999998248	1.0000108515668114	0.5128280674706347	78.78706316550806
1.7600999999998226	1.0000047887414334	0.5179243528419052	78.81666238327243
1.7800999999998204	1.0000106800883966	0.5158553027610508	78.8393425442235
1.8000999999998182	1.00000495084645	0.5093114933823116	78.84611943116809
1.820099999999816	1.0000104828670096	0.5025811649985245	78.84556127644473
1.8400999999998138	1.000005169061144	0.4987322530752043	78.84502364391247
1.8600999999998116	1.0000102883338287	0.4980896128630923	78.84850563511789
1.8800999999998094	1.0000053433495224	0.49898175662380795	78.85140627029067
1.9000999999998072	1.000010106194744	0.4996973892965879	78.8533201550752
1.920099999999805	1.000005532591465	0.49980905583183705	78.85353126724465
1.9400999999998028	1.0000099156204054	0.4999247854647235	78.8543070770731
1.9600999999998006	1.00000573121439	0.5004116482741761	78.85366945452857
1.9800999999997984	1.0000097178395269	0.5005527018029052	78.85305013658207
2.0000999999997964	1.0000059196008844	0.4988146514390426	78.85274994336339
2.0200999999998386	1.000009518957603	0.4943044604636165	78.8534825023346
2.040099999999881	1.0000061341760482	0.4881477610088652	78.84797957717282
2.060099999999923	1.000009319278144	0.48373741421031813	78.82947285906356
2.080099999999965	1.0000063164407358	0.48482638430647007	78.79821297010139
2.1001000000000074	1.0000091165367717	0.4927973094474342	78.77103145232982
2.1201000000000496	1.000006545395402	0.5048756134924329	78.76766594008703
2.140100000000092	1.000008893811209	0.5153221123141127	78.79550196569133
2.160100000000134	1.0000067514117288	0.5186571149717476	78.83833298843768
2.1801000000001762	1.0000086972633684	0.5132342955825246	78.87209853741915
2.2001000000002184	1.0000069347487912	0.5023659790071686	78.88387548027913
2.2201000000002606	1.0000085142636879	0.4926898077882414	78.88259016563885
2.240100000000303	1.000007144329837	0.4901236258274198	78.88336029402107
2.260100000000345	1.0000082932465382	0.4962938266703099	78.88934613418104
2.2801000000003873	1.0000073375775613	0.5072739202756761	78.88608494583907
2.3001000000004295	1.0000081206703206	0.5161372664288425	78.86009645141185
2.3201000000004717	1.0000075247510924	0.5171959149041525	78.81665698100946
2.340100000000514	1.0000079126822583	0.509546242316936	78.77969357770486
2.360100000000556	1.0000077464460606	0.49717228945375624	78.770554073487
2.3801000000005983	1.0000076791986927	0.48634244974776286	78.78998826359452
2.4001000000006405	1.0000079687420076	0.481783710022508	78.81961792889808
2.4201000000006827	1.00000748866896	0.48439405343755587	78.83979050639628
2.440100000000725	1.000008156492669	0.49123878812485816	78.84525842107665
2.460100000000767	1.0000072720445836	0.49798110708306476	78.8436474073718
2.4801000000008093	1.0000083775049082	0.5016547049636528	78.84409475480368
2.5001000000008515	1.0000070752662331	0.5021057013350461	78.8477396606342
2.5201000000008937	1.0000085681828177	0.5010946805209849	78.85152653426377
2.540100000000936	1.000006873486305	0.5003485585843007	78.85307687465435
2.560100000000978	1.0000087690750226	0.5002525830025817	78.85391289568044
2.5801000000010204	1.0000066762871151	0.50017642748391	78.85435068588161
2.6001000000010626	1.0000089688656113	0.49975348667371694	78.85449352169887
2.6201000000011048	1.0000064824929467	0.499722412302142	78.85374428933184
2.640100000001147	1.000009161100392	0.5015903528492461	78.85422090751949
2.660100000001189	1.0000062702863528	0.5061569295513064	78.85405034173355
2.6801000000012314	1.0000093780977846	0.5121654204502039	78.84766804109782
2.7001000000012736	1.0000060852505765	0.5161760169654783	78.82685877036538
2.720100000001316	1.000009547819634	0.5145633399857763	78.79537550376762
2.740100000001358	1.0000058837502992	0.5062014262553507	78.76902345566708
2.7601000000014	1.0000097784549928	0.49409365356594587	78.7688938383005
2.7801000000014424	1.000005659071887	0.4840307117038979	78.79828350727578
2.8001000000014846	1.0000099862580378	0.4813300901190077	78.84144870645996
2.820100000001527	1.0000054679936627	0.48731528416247005	78.872720627774
2.840100000001569	1.0000101606635274	0.4983741851549885	78.88324328770108
2.8601000000016112	1.000005285900099	0.507765179210302	78.88145305543945
2.8801000000016534	1.0000103687248705	0.5097712919420687	78.88397160585778
2.9001000000016957	1.0000050825831448	0.5031352586412028	78.88999405610603
2.920100000001738	1.0000105384645326	0.49210146738922816	78.88601228661705
2.94010000000178	1.0000049224922378	0.48363412575110476	78.8575885420239
2.9601000000018223	1.0000107160638634	0.4832129187665328	78.81410876055921
2.9801000000018645	1.0000047336890558	0.4913954295171369	78.7783841981422
3.0001000000019067	1.000010914218989	0.5039333015424077	78.77250771074216
3.020100000001949	1.000004522333074	0.5144731692367386	78.79300622211886
3.040100000001991	1.0000111157658524	0.5184714271669164	78.8224071720404
3.0601000000020333	1.000004345289603	0.5153194446577816	78.83996890794168
3.0801000000020755	1.0000112951039735	0.508202089949672	78.84420275841532
3.1001000000021177	1.0000041504262749	0.5014725940602061	78.8417086359083
3.12010000000216	1.000011478712824	0.4979816517235184	78.84323142243225
3.140100000002202	1.0000039838849337	0.49771513902787823	78.84709622334196
3.1601000000022443	1.0000116545674438	0.49885118981331644	78.85174993399025
3.1801000000022865	1.00000379759797	0.49962954117274927	78.8529371627582
3.2001000000023287	1.000011831621047	0.49970685099897366	78.85434840728831
3.220100000002371	1.000003628379716	0.4997280072493209	78.85447438764264
3.240100000002413	1.0000119975293347	0.5000913679006672	78.85536469709193
3.2601000000024554	1.0000034714348762	0.5000170780447448	78.85448109329978
3.2801000000024976	1.0000121616848012	0.4980299537027007	78.85560993276184
3.30010000000254	1.000003283728738	0.4934063356269938	78.85446017564603
3.320100000002582	1.0000123400983665	0.48756963311057944	78.84708608888707
3.340100000002624	1.0000031472762467	0.48397283228769566	78.82410508493619
3.3601000000026664	1.0000124685576546	0.486111235871933	78.79259506186162
3.3801000000027086	1.0000029809275095	0.49482314487325546	78.7673504515247
3.400100000002751	1.0000126616546452	0.5069294982511233	78.77041627317551
3.420100000002793	1.000002792422458	0.5165811920715746	78.80120501914145
3.4401000000028352	1.0000128350618864	0.5186550321817662	78.84438865968612
3.4601000000028774	1.0000026407258167	0.5121120923391596	78.87312707756662
3.4801000000029196	1.000012970478744	0.5009003307129264	78.8824363106001
3.500100000002962	1.000002491275091	0.4918198564896218	78.8803765139974
3.520100000003004	1.000013138645878	0.49039486074042904	78.88460084672359
3.5401000000030463	1.0000023428305531	0.49745974445707264	78.8905953827532
3.5601000000030885	1.0000132563951096	0.5085161458626871	78.88570988951707
3.5801000000031307	1.0000022216262874	0.5165540916645229	78.85502051690433
3.600100000003173	1.0000133929334372	0.5163537538424394	78.81166106680755
3.620100000003215	1.0000020858235907	0.5076475323176904	78.77744071684253
3.6401000000032573	1.0000135333768345	0.49498632966570444	78.77470711267104
3.6601000000032995	1.0000019322943692	0.4847566091644275	78.79612151432626
3.6801000000033417	1.0000136805920146	0.4813515941282261	78.82494784967062
3.700100000003384	1.0000017987965937	0.48502344804746095	78.83990749858991
3.720100000003426	1.0000138180723583	0.4923986653035355	78.84291713546503
3.7401000000034683	1.000001663429573	0.49908194711018306	78.83979865294687
3.7601000000035105	1.000013931499835	0.5024017487974822	78.84239988985881
3.7801000000035527	1.0000015536279458	0.5024698146446211	78.84662456929131
3.800100000003595	1.0000140636482984	0.5012187496864933	78.85203354303991
3.820100000003637	1.0000014155019603	0.5003922122793557	78.85294147283219
3.8401000000036793	1.0000141856318618	0.5003557413532741	78.85480085585218
3.8601000000037216	1.0000013040506495	0.5003791335957596	78.85472256457695
3.8801000000037638	1.000014288485185	0.5000884796541694	78.85622777887694
3.900100000003806	1.0000012104515135	0.5002481885568903	78.85527880278188
3.920100000003848	1.0000143968041604	0.5023708283059745	78.85685363923577
3.9401000000038904	1.0000010813887945	0.5070258270431881	78.8547357992329
3.9601000000039326	1.0000145032945928	0.5126856634303535	78.84619063438531
3.980100000003975	1.0000010175576637	0.5158347264600318	78.82127267346422
4.000100000004016	1.0000145689186382	0.5131989920979071	78.78985505399338
4.0201000000039695	1.0000009151550753	0.5041513745409055	78.7660524226716
4.040100000003923	1.0000146914031494	0.4920986129047283	78.77216884075195
4.060100000003876	1.000000794450974	0.4828602890868024	78.8042703846455
4.08010000000383	1.0000148005059035	0.4814368092539246	78.84707857859755
4.100100000003783	1.000000708844316	0.4885010678510568	78.87333591624399
4.120100000003736	1.0000148734473286	0.4998488391202129	78.88141396130554
4.14010000000369	1.0000006191049218	0.5085646899121538	78.87939598749796
4.160100000003643	1.000014970007845	0.5094262816004492	78.88518784280441
4.180100000003597	1.0000005519211377	0.501942387398174	78.89116190972061
4.20010000000355	1.0000150174137235	0.49092101775386127	78.88513179260654
4.220100000003503	1.0000004894257173	0.4833114531449929	78.85243660976582
4.240100000003457	1.0000150880866099	0.4841534312251033	78.8092886928237
4.26010000000341	1.0000004313944055	0.49334126362336234	78.77690356454697
4.2801000000033635	1.0000151463400349	0.5061123612672825	78.7770962893165
4.300100000003317	1.0000003615068438	0.5159746921443283	78.7993270579235
4.32010000000327	1.0000152153948751	0.518795699365979	78.82716846142205
4.340100000003224	1.0000002941258572	0.5145964458492365	78.83963344961617
4.360100000003177	1.0000152843891217	0.507010884862669	78.84137691654438
4.3801000000031305	1.0000002451849206	0.5003643813802272	78.83796493901943
4.400100000003084	1.0000153081620027	0.49724415478543066	78.84157815818126
4.420100000003037	1.0000002086035842	0.4973553715545338	78.84636062905496
4.440100000002991	1.00001537471003	0.49874714195810604	78.85233584308199
4.460100000002944	1.000000143067826	0.49959337979862206	78.85311805509966
4.480100000002897	1.0000154201655524	0.49960911754154724	78.85524252739745
4.500100000002851	1.000000109126624	0.4995177813873153	78.85512619313276
4.520100000002804	1.0000154417855676	0.49976267103758176	78.85703764486207
4.540100000002758	1.0000000945919088	0.49948932445581684	78.85615205315477
4.560100000002711	1.000015475388907	0.49725623338584357	78.85790620957494
4.580100000002664	1.0000000482086504	0.49255991060729415	78.85489731049901
4.600100000002618	1.0000154906557692	0.48712605060790387	78.84496065445589
4.620100000002571	1.0000000670744664	0.4844080128325539	78.81841943577126
4.6401000000025245	1.0000154823466114	0.4875529673919234	78.7871506317224
4.660100000002478	1.000000047364294	0.4968825739820254	78.7651596832763
4.680100000002431	1.0000155130805655	0.5088776570316865	78.7741074851994
4.700100000002385	1.000000014189374	0.5176509797709571	78.80748122621665
4.720100000002338	1.0000155394374837	0.518444576480436	78.84946685372033
4.7401000000022915	1.0000000095355073	0.5108554973356645	78.87336857976335
4.760100000002245	1.0000155369436774	0.4994405163937831	78.88016394317071
4.780100000002198	0.9999999969653804	0.49109055516574274	78.87854493581341
4.800100000002152	1.0000155430203275	0.4908146891718627	78.88569772807719
4.820100000002105	1.0000000218740768	0.4986612296644684	78.89170881738472
4.840100000002058	1.0000155145126701	0.5096445697160235	78.88425774182423
4.860100000002012	1.0000000282523822	0.5167770183039821	78.84987572550774
4.880100000001965	1.0000155056733013	0.5153183892095398	78.80698866639293
4.900100000001919	1.0000000592336564	0.5056443587666292	78.7768054945732
4.920100000001872	1.000015471221249	0.49283344528502804	78.77963354015795
4.940100000001825	1.0000000844898196	0.4833440858628474	78.80260535651205
4.960100000001779	1.0000154519304882	0.48114065118589433	78.82902298686678
4.980100000001732	1.0000000945007421	0.48582133621115103	78.83917081569301
5.0001000000016855	1.0000154378176986	0.4936274308077588	78.83958055242101
5.020100000001639	1.000000142744725	0.5001963763621812	78.83624977196197
5.040100000001592	1.0000153689987454	0.5031347010942624	78.84076496886789
5.060100000001546	1.000000183617296	0.5028084915473596	78.84632374777003
5.080100000001499	1.0000153586439893	0.5013093994249167	78.85262913443223
5.1001000000014525	1.0000002024672394	0.500422643678134	78.85348287294569
5.120100000001406	1.000015319668653	0.5004567807070133	78.85566198707389
5.140100000001359	1.0000002522517892	0.5005813641071404	78.85570063914648
5.160100000001313	1.000015256065737	0.5004135282151161	78.85777174340944
5.180100000001266	1.0000003191371232	0.5007786656167637	78.85711106815612
5.200100000001219	1.000015208328174	0.5031470601493991	78.85874744818078
5.220100000001173	1.0000003646411804	0.5078335133887861	78.85496049399315
5.240100000001126	1.0000151306977203	0.5130510596688379	78.84340598959943
5.26010000000108	1.0000004609941258	0.5153072494998472	78.8155962837209
5.280100000001033	1.0000150494345053	0.5116963859268395	78.78449812131896
5.300100000000986	1.0000005292801784	0.5020772095571964	78.76469484925187
5.32010000000094	1.0000149829643212	0.49019976853181646	78.77621574988697
5.340100000000893	1.0000005881533698	0.4818913237648333	78.8108315423366
5.3601000000008465	1.000014922781466	0.48176207250579894	78.85153169872511
5.3801000000008	1.0000006649309312	0.48981608481786915	78.87324809343042
5.400100000000753	1.0000148446462869	0.501286006802195	78.87870656483071
5.420100000000707	1.0000007339122126	0.5092198975599466	78.8778512814539
5.44010000000066	1.0000147580303846	0.508948595706832	78.88612832923191
5.4601000000006135	1.0000008444952966	0.5007325917233323	78.89225027622585
5.480100000000567	1.0000146611211886	0.48984334948648106	78.88309631309549
5.50010000000052	1.0000009186830032	0.483182790736204	78.84736929775337
5.520100000000474	1.0000145729125811	0.4852926700578099	78.80478457352504
5.540100000000427	1.0000010342788501	0.4953948527214013	78.77716289947466
5.56010000000038	1.0000144510725353	0.5082292435178534	78.78229225683627
5.580100000000334	1.0000011499077555	0.5172870510628723	78.80592586527892
5.600100000000287	1.0000143484209492	0.5189033855770755	78.83049400788087
5.620100000000241	1.0000012353191978	0.5137269910658266	78.83853419187558
5.640100000000194	1.000014251730801	0.505743270295932	78.83755210663087
5.660100000000147	1.0000013730732484	0.4992379799689888	78.83468442113548
5.680100000000101	1.0000141039877206	0.49652823281189257	78.83997755464249
5.700100000000054	1.0000014831984303	0.4970456214942398	78.84651093844676
5.7201000000000075	1.0000140179916628	0.4986697149919839	78.85290343743581
5.740099999999961	1.0000015833846718	0.4995583623454432	78.85403352357984
5.760099999999914	1.0000139016141922	0.4995076867650201	78.85606155005587
5.780099999999868	1.0000017084543502	0.4993265216830367	78.85644069181393
5.800099999999821	1.0000137636966542	0.49943922129678653	78.85843115967205
5.8200999999997745	1.0000018454039061	0.498946924678321	78.85815338890153
5.840099999999728	1.000013641672607	0.49648369302591316	78.85937990185104
5.860099999999681	1.0000019751309663	0.4918028851907103	78.8549304041119
5.880099999999635	1.000013487214719	0.48684289900333405	78.84156299140673
5.900099999999588	1.0000021299922575	0.4850164813906188	78.8128379703219
5.920099999999541	1.0000133457663591	0.4891105556790122	78.78193462525351
5.940099999999495	1.0000022768890495	0.49897301810605793	78.76466715735151
5.960099999999448	1.0000131933475813	0.5107274060430502	78.77849781636942
5.980099999999402	1.000002416468121	0.5185119129080287	78.81429702824117
6.000099999999355	1.0000130580842845	0.5180040067362659	78.85327706156217
6.020099999999308	1.0000025607642586	0.5094921423959022	78.87298941197326
6.040099999999262	1.0000129169816185	0.49803191939143887	78.87708647228258
6.060099999999215	1.0000027013247321	0.4905004834230699	78.87732870181742
6.0800999999991685	1.0000127528151748	0.49133866511230273	78.88650402334913
6.100099999999122	1.0000028755479133	0.49988138574865915	78.89278761581927
6.120099999999075	1.00001260616639	0.5106770829746387	78.8816775776843
6.140099999999029	1.0000030054022506	0.5168115614649416	78.84493433116965
6.160099999998982	1.000012452798567	0.5140728768264476	78.8027181954506
6.1800999999989354	1.0000031862327787	0.5035501208136988	78.77796362037203
6.200099999998889	1.0000122638607465	0.49076332142438445	78.78505508016228
6.220099999998842	1.0000033720461585	0.48213460556451565	78.80923955774318
6.240099999998796	1.0000120969399484	0.48112762458616615	78.83158520618825
6.260099999998749	1.0000035178235334	0.48676423905080335	78.83771986461217
6.280099999998702	1.0000119337531712	0.49493767435149466	78.83533452097002
6.300099999998656	1.0000037202974585	0.5013327848209078	78.83327900543631
6.320099999998609	1.0000117343811394	0.5038172768364217	78.83924162102056
6.3400999999985626	1.0000038807750355	0.5030841964384883	78.84689203859001
6.360099999998516	1.0000115865625196	0.5013754509690119	78.85316247089052
6.380099999998469	1.0000040448054892	0.5004693571736282	78.85474126649821
6.400099999998423	1.0000114134740847	0.500553989410371	78.85644964371657
6.420099999998376	1.0000042234967874	0.500766430729153	78.85731633610239
6.4400999999983295	1.0000112251461253	0.5007410108818237	78.8590327865538
6.460099999998283	1.0000044073776304	0.5013389967413991	78.8592538507932
6.480099999998236	1.0000110487186298	0.5039010531722451	78.85981955752284
6.50009999999819	1.000004597910353	0.5085320599930951	78.85479328690187
6.520099999998143	1.000010847909699	0.5132507300378111	78.83948199106553
6.540099999998096	1.0000047824543625	0.5146307325923991	78.81015495722974
6.56009999999805	1.0000106687638741	0.5100818948403201	78.77951103760182
6.580099999998003	1.0000049850680746	0.4999740558189846	78.7650640546832
6.600099999997957	1.000010456462607	0.4883997371999245	78.78096461497549
6.62009999999791	1.0000051802530618	0.48114816238014835	78.8178269708818
6.640099999997863	1.0000102707542482	0.48230826466358395	78.85472279417775
6.660099999997817	1.0000053662732478	0.49122371757991623	78.8725892251158
6.68009999999777	1.0000100902246871	0.5026635012111745	78.87535959753075
6.7000999999977235	1.0000055553472547	0.5097623718333376	78.87696932535744
6.720099999997677	1.0000098783327385	0.5083782172235882	78.88686237892941
6.74009999999763	1.0000057601044225	0.49950221992730875	78.89329888094004
6.760099999997584	1.0000097080888974	0.48884708846195035	78.88004293569765
6.780099999997537	1.0000059242606631	0.48324936114290296	78.84256832384274
6.8000999999974905	1.0000095156432902	0.48663429988231266	78.80083697568526
6.820099999997444	1.0000061392836757	0.49752386627735884	78.77916152019485
6.840099999997397	1.000009291425171	0.5102394991426352	78.78790875368306
6.860099999997351	1.0000063632017897	0.518403570620336	78.81247742570164
6.880099999997304	1.0000090899903968	0.5188182623702988	78.83231166585695
6.900099999997257	1.0000065436971313	0.5127118985661216	78.83670280480975
6.920099999997211	1.000008889398126	0.504381638016757	78.83298074914488
6.940099999997164	1.0000067736455265	0.4981092841868366	78.83201700273196
6.960099999997118	1.000008673984906	0.4958851940139792	78.83858321646063
6.980099999997071	1.0000069581508302	0.4968134538302333	78.84741278545826
7.000099999997024	1.000008488675062	0.4986042251799034	78.85341865292678
7.020099999996978	1.0000071570737536	0.49950744879995784	78.85555046311849
7.040099999996931	1.0000082895478024	0.4994068485409298	78.85683658935348
7.0600999999968845	1.0000073582522915	0.4991468499224602	78.85827582465276
7.080099999996838	1.0000080835311929	0.499091296300453	78.85960068509377
7.100099999996791	1.00000755804543	0.4983811380649083	78.86036232616985
7.120099999996745	1.0000078823271437	0.49575424390941286	78.86008838657256
7.140099999996698	1.0000077743733766	0.49117657604037207	78.85451479813304
7.1600999999966515	1.0000076739674761	0.48671282702077384	78.83721659976526
7.180099999996605	1.0000079554068175	0.4857651526036154	78.80753469143758
7.200099999996558	1.0000074858160017	0.490774067622475	78.77728563058491
7.220099999996512	1.000008180836431	0.501093383054595	78.76584888647326
7.240099999996465	1.0000072500079822	0.5124608254055601	78.7836238956758
7.260099999996418	1.0000083972408322	0.5191452707322044	78.8213470277503
7.280099999996372	1.000007047271246	0.5173520876747663	78.85589685089225
7.300099999996325	1.000008591883985	0.5080533591432039	78.8720243302511
7.320099999996279	1.0000068578722816	0.4966677871901789	78.87358450594412
7.340099999996232	1.000008797012903	0.4900057797386769	78.876744948247
7.360099999996185	1.0000066372167897	0.4919478507651741	78.88724289831553
7.380099999996139	1.0000089946082833	0.5011359213693021	78.89373937107752
7.400099999996092	1.0000064723454682	0.5116260562300272	78.87824017502065
7.4200999999960455	1.0000091657929782	0.5166533910800287	78.84025295606666
7.440099999995999	1.0000062744181109	0.5126351823482309	78.79918705055114
7.460099999995952	1.000009377704871	0.501407034228661	78.78068528208641
7.480099999995906	1.0000060528298038	0.4888034975369401	78.79084500491462
7.500099999995859	1.0000096013354103	0.4811166111010015	78.81555818105515
7.5200999999958125	1.0000058520850605	0.4813038488741331	78.83269556384282
7.540099999995766	1.000009784574123	0.4878680004123125	78.83544497529745
7.560099999995719	1.0000056510749997	0.4963357870776183	78.83054918776487
7.580099999995673	1.0000099993856177	0.5024500970331259	78.83086164879602
7.600099999995626	1.000005456905385	0.5044030919165575	78.83802923378695
7.620099999995579	1.0000101784129989	0.503285570628182	78.84800891831516
7.640099999995533	1.0000052651189237	0.5014301094682287	78.85369254121579
7.660099999995486	1.0000103768845678	0.5005322113841869	78.85639053359385
7.68009999999544	1.0000050751729008	0.5006523280148708	78.8572378276675
7.700099999995393	1.0000105653645295	0.5009633661370638	78.85925806241603
7.720099999995346	1.000004887289657	0.5011023272408759	78.86016214106853
7.7400999999953	1.0000107473674404	0.5019102874552953	78.86141364741084
7.760099999995253	1.0000046957956281	0.5045838982928926	78.8602128478266
7.7800999999952065	1.0000109493566816	0.5090984331143932	78.8540484499868
7.80009999999516	1.000004519427372	0.5133046383249718	78.8348207543584
7.820099999995113	1.0000110952828147	0.5138193974321313	78.80495450704414
7.840099999995067	1.00000435272719	0.5083583201533881	78.77532143637626
7.86009999999502	1.0000113059411804	0.4978571574480675	78.76696873443063
7.8800999999949735	1.0000041337787042	0.48672985047401573	78.78647908354841
7.900099999994927	1.000011505932802	0.48063164634729505	78.82477332876043
7.92009999999488	1.0000039502760893	0.4830453928349709	78.8568322079121
7.940099999994834	1.0000116746225416	0.4927070467939108	78.87126103549068
7.960099999994787	1.0000037845016565	0.5040119394597342	78.87182067806593
7.98009999999474	1.0000118595288787	0.5102222462248404	78.87661740524752
8.000099999994694	1.000003595816479	0.5077126230898458	78.88768210954471
8.020099999994647	1.000012014782138	0.4982357206443205	78.89405475403825
8.0400999999946	1.000003463289916	0.48793983811290026	78.87632448616948
8.060099999994554	1.000012164124632	0.4835082194140208	78.83796650112991
8.080099999994507	1.0000032951780164	0.48814391929280476	78.79781401472832
8.10009999999446	1.000012335891001	0.4996865226308077	78.78245861244048
8.120099999994414	1.0000031137381462	0.5121410012218404	78.79386507426572
8.140099999994368	1.0000125211825763	0.5193358939317794	78.81840289563638
8.160099999994321	1.0000029482522959	0.5185313104997693	78.83276726124356
8.180099999994274	1.0000126743336721	0.5115286853133569	78.83391171716258
8.200099999994228	1.0000027849114212	0.5029461480332558	78.82810323464504
8.220099999994181	1.0000128341483416	0.49702705435435224	78.82977258700396
8.240099999994134	1.0000026443807248	0.49534380836423053	78.83761394565305
8.260099999994088	1.0000129795684738	0.4966508446917821	78.84862569762096
8.280099999994041	1.000002478752202	0.4985519563459992	78.85401480662681
8.300099999993995	1.0000131421253875	0.499447669866084	78.85719579741155
8.320099999993948	1.0000023315376239	0.49929050443191053	78.85767967945657
8.340099999993901	1.0000132848124283	0.49893443813023786	78.86020839635556
8.360099999993855	1.0000021944602306	0.4987080093236025	78.86074675617843
8.380099999993808	1.0000134182920088	0.49782924123115946	78.86234461116835
8.400099999993762	1.0000020461169676	0.49510972612634563	78.8602247639864
8.420099999993715	1.0000135682518017	0.49067669864679003	78.85335003564965
8.440099999993668	1.000001934462484	0.48672288125809565	78.83235061839552
8.460099999993622	1.0000136544407374	0.4866566281883062	78.80239887809051
8.480099999993575	1.0000018167056168	0.49254191317405926	78.7736837080713
8.500099999993528	1.0000138143614914	0.5032058426658309	78.76836795780508
8.520099999993482	1.0000016519445003	0.5140497306972577	78.78953215829443
8.540099999993435	1.0000139636094816	0.5195648131187858	78.8280294595293
8.560099999993389	1.0000015203578054	0.5165231382955078	78.85756439535054
8.580099999993342	1.0000140763592706	0.506531993906117	78.87026930629627
8.600099999993295	1.0000014071475167	0.4953190208020598	78.87012826051237
8.620099999993249	1.0000142074405165	0.48959975808848394	78.87655128677618
8.640099999993202	1.0000012851934827	0.49266321515586586	78.88821173625473
8.660099999993156	1.0000142940347627	0.5024188227691417	78.89419855498875
8.680099999993109	1.000001205785588	0.5124713501476399	78.87435860342553
8.700099999993062	1.0000143957542593	0.5163113635941149	78.83569737535349
8.720099999993016	1.000001098208696	0.511052640521381	78.7967651016031
8.74009999999297	1.0000144971189646	0.49923772345486905	78.78442036903017
8.760099999992923	1.0000009876281397	0.48694464976676627	78.79697975655633
8.780099999992876	1.0000146129240715	0.48028651919491216	78.82094822511064
8.80009999999283	1.0000008854233717	0.48169852174940325	78.83256514992442
8.820099999992783	1.0000147080515445	0.48913857663356697	78.83208639156922
8.840099999992736	1.0000007917154405	0.4977828818463597	78.82570919282492
8.86009999999269	1.0000147833056237	0.5035038815838369	78.82872320805886
8.880099999992643	1.0000007269404894	0.5048955512141662	78.837382078241
8.900099999992596	1.000014872586797	0.5034234598784008	78.84923178179989
8.92009999999255	1.0000006162139439	0.5014621750451211	78.85442396753415
8.940099999992503	1.0000149700118175	0.5005994229893644	78.85792213554483
8.960099999992456	1.0000005377064847	0.5007844799933948	78.85819836572286
8.98009999999241	1.0000150416981834	0.5012066880934031	78.86108866318405
9.000099999992363	1.000000475271152	0.5014865850134755	78.86138270126179
9.020099999992317	1.0000151040574548	0.5024449383828046	78.86310775241029
9.04009999999227	1.0000003965522692	0.5051829172470792	78.86015750756522
9.060099999992223	1.000015173942147	0.5095487004669275	78.8523893180003
9.080099999992177	1.0000003694516617	0.5132147559925524	78.82986340901715
9.10009999999213	1.0000151866195794	0.5128533960185668	78.79986992835352
9.120099999992084	1.000000320818795	0.5065438521210079	78.77243177134679
9.140099999992037	1.0000152677002792	0.4957733322334991	78.76999886045033
9.16009999999199	1.00000023803278	0.4852125769734287	78.79278217072365
9.180099999991944	1.000015341089532	0.4803126184841047	78.83105619052836
9.200099999991897	1.0000001816811415	0.48395520900522065	78.85812423337201
9.22009999999185	1.000015377746032	0.494281561877917	78.86903261181597
9.240099999991804	1.0000001414276296	0.5053458315071386	78.86856220554075
9.260099999991757	1.0000154303092044	0.5105727368736863	78.87652097751351
9.28009999999171	1.0000001083934849	0.5069367228824472	78.88885411946566
9.300099999991664	1.0000154352138633	0.49695965615172805	78.89414317938187
9.320099999991617	1.0000000936904163	0.4871535877510936	78.87240506097827
9.34009999999157	1.0000154709670885	0.48393679169453246	78.83345054220538
9.360099999991524	1.000000067161635	0.4897828820141952	78.79608537628023
9.380099999991478	1.0000154837921935	0.5018738933091856	78.78653356590947
9.400099999991431	1.000000046095826	0.5139467059352346	78.80019938547868
9.420099999991384	1.000015511195959	0.5200635100644547	78.82315121178021
9.440099999991338	1.0000000239111437	0.5180141011158088	78.83212836703908
9.460099999991291	1.0000155303012968	0.5101904578278226	78.82997515551027
9.480099999991245	1.0000000194186671	0.5014901698269987	78.82342794909367
9.500099999991198	1.0000155072284187	0.49600826336764287	78.82770928372113
9.520099999991151	1.000000038933628	0.49488248537222684	78.83738100229922
9.540099999991105	1.0000155267526145	0.4965475816910013	78.84982017693252
9.560099999991058	1.0000000029188996	0.4985377964227617	78.85495609287841
9.580099999991011	1.000015541383398	0.49938047018351095	78.8585521319284
9.600099999990965	1.00000000696358	0.49912816165904494	78.85882811718258
9.620099999990918	1.0000155291836443	0.4986730124854485	78.8618771678717
9.640099999990872	1.0000000300363512	0.4983257170723372	78.86208736537769
9.660099999990825	1.0000155097831667	0.4973217397011148	78.8636752158646
9.680099999990778	1.0000000355750578	0.49453900960238706	78.86003493661225
9.700099999990732	1.000015486610341	0.49028155883270613	78.85115364286904
9.720099999990685	1.000000096560147	0.4868922680085311	78.82740870153899
9.740099999990639	1.0000154247096509	0.4877063044387284	78.79738599293307
9.760099999990592	1.0000001265959955	0.4943833768594431	78.77160505197942
9.780099999990545	1.0000154117945603	0.505258262723463	78.77182497393383
9.800099999990499	1.0000001392072206	0.5154888605452862	78.79621650558279
9.820099999990452	1.0000153976908626	0.5197933783568154	78.83381073084813
9.840099999990406	1.000000167930128	0.515522103629426	78.8585261450217
9.860099999990359	1.0000153514503847	0.5049123010201373	78.86754963814397
9.880099999990312	1.0000002088346092	0.4940062093145208	78.86716008699919
9.900099999990266	1.0000153145006538	0.4893233009684847	78.87651008583603
9.920099999990219	1.0000002701823172	0.49348696797619684	78.88961376625652
9.940099999990172	1.0000152397355282	0.5036801105766004	78.89388014410937
9.960099999990126	1.0000003211599924	0.5131878146192046	78.87051119320957
9.98009999999008	1.0000152019133468	0.5158073878690707	78.83124542679586
